0, 0, 0, 0, 0, 0, 0, 0, 0, 0, 0, 0, 0, 0, 0, 0, 0, 0, 0, 0, 0, 0, 0, 0, 0, 0, 0, 0, 0, 0, 0, 0, 0, 0, 0, 0, 0, 0, 0, 0, 0, 0, 0, 0, 0, 0, 0, 0, 0, 0, 0, 0, 0, 0, 0, 0, 0, 0, 0, 0, 0, 0, 0, 0, 0, 0, 0, 0, 0, 0, 0, 0, 0, 0, 0, 0, 0, 0, 0, 0, 0, 0, 0, 0, 0, 0, 0, 0, 0, 0, 0, 0, 0, 0, 0, 0, 0, 0, 0, 0
0, 0, 0, 0, 0, 0, 0, 0, 0, 0, 0, 0, 0, 0, 0, 0, 0, 0, 0, 0, 0, 0, 0, 0, 0, 0, 0, 0, 0, 0, 0, 0, 0, 0, 0, 0, 0, 0, 0, 0, 0, 0, 0, 0, 0, 0, 0, 0, 0, 0, 0, 0, 0, 0, 0, 0, 0, 0, 0, 0, 0, 0, 0, 0, 0, 0, 0, 0, 0, 0, 0, 0, 0, 0, 0, 0, 0, 0, 0, 0, 0, 0, 0, 0, 0, 0, 0, 0, 0, 0, 0, 0, 0, 0, 0, 0, 0, 0, 0, 0
0, 0, 0, 0, 0, 0, 0, 0, 0, 0, 0, 0, 0, 0, 0, 0, 0, 0, 0, 0, 0, 0, 0, 0, 0, 0, 0, 0, 0, 0, 0, 0, 0, 0, 0, 0, 0, 0, 0, 0, 0, 0, 0, 0, 0, 0, 0, 0, 0, 0, 0, 0, 0, 0, 0, 0, 0, 0, 0, 0, 0, 0, 0, 0, 0, 0, 0, 0, 0, 0, 0, 0, 0, 0, 0, 0, 0, 0, 0, 0, 0, 0, 0, 0, 0, 0, 0, 0, 0, 0, 0, 0, 0, 0, 0, 0, 0, 0, 0, 0
0, 0, 0, 0, 0, 0, 0, 0, 0, 0, 0, 0, 0, 0, 0, 0, 0, 0, 0, 0, 0, 0, 0, 0, 0, 0, 0, 0, 0, 0, 0, 0, 0, 0, 0, 0, 0, 0, 0, 0, 0, 0, 0, 0, 0, 0, 0, 0, 0, 0, 0, 0, 0, 0, 0, 0, 0, 0, 0, 0, 0, 0, 0, 0, 0, 0, 0, 0, 0, 0, 0, 0, 0, 0, 0, 0, 0, 0, 0, 0, 0, 0, 0, 0, 0, 0, 0, 0, 0, 0, 0, 0, 0, 0, 0, 0, 0, 0, 0, 0
0, 0, 0, 0, 0, 0, 0, 0, 0, 0, 0, 0, 0, 0, 0, 0, 0, 0, 0, 0, 0, 0, 0, 0, 0, 0, 0, 0, 0, 0, 0, 0, 0, 0, 0, 0, 0, 0, 0, 0, 0, 0, 0, 0, 0, 0, 0, 0, 0, 0, 0, 0, 0, 0, 0, 0, 0, 0, 0, 0, 0, 0, 0, 0, 0, 0, 0, 0, 0, 0, 0, 0, 0, 0, 0, 0, 0, 0, 0, 0, 0, 0, 0, 0, 0, 0, 0, 0, 0, 0, 0, 0, 0, 0, 0, 0, 0, 0, 0, 0
0, 0, 0, 0, 0, 0, 0, 0, 0, 0, 0, 0, 0, 0, 0, 0, 0, 0, 0, 0, 0, 0, 0, 0, 0, 0, 0, 0, 0, 0, 0, 0, 0, 0, 0, 0, 0, 0, 0, 0, 0, 0, 0, 0, 0, 0, 0, 0, 0, 0, 0, 0, 0, 0, 0, 0, 0, 0, 0, 0, 0, 0, 0, 0, 0, 0, 0, 0, 0, 0, 0, 0, 0, 0, 0, 0, 0, 0, 0, 0, 0, 0, 0, 0, 0, 0, 0, 0, 0, 0, 0, 0, 0, 0, 0, 0, 0, 0, 0, 0
0, 0, 0, 0, 0, 0, 0, 0, 0, 0, 0, 0, 0, 0, 0, 0, 0, 0, 0, 0, 0, 0, 0, 0, 0, 0, 0, 0, 0, 0, 0, 0, 0, 0, 0, 0, 0, 0, 0, 0, 0, 0, 0, 0, 0, 0, 0, 0, 0, 0, 0, 0, 0, 0, 0, 0, 0, 0, 0, 0, 0, 0, 0, 0, 0, 0, 0, 0, 0, 0, 0, 0, 0, 0, 0, 0, 0, 0, 0, 0, 0, 0, 0, 0, 0, 0, 0, 0, 0, 0, 0, 0, 0, 0, 0, 0, 0, 0, 0, 0
0, 0, 0, 0, 0, 0, 0, 0, 0, 0, 0, 0, 0, 0, 0, 0, 0, 0, 0, 0, 0, 0, 0, 0, 0, 0, 0, 0, 0, 0, 0, 0, 0, 0, 0, 0, 0, 0, 0, 0, 0, 0, 0, 0, 0, 0, 0, 0, 0, 0, 0, 0, 0, 0, 0, 0, 0, 0, 0, 0, 0, 0, 0, 0, 0, 0, 0, 0, 0, 0, 0, 0, 0, 0, 0, 0, 0, 0, 0, 0, 0, 0, 0, 0, 0, 0, 0, 0, 0, 0, 0, 0, 0, 0, 0, 0, 0, 0, 0, 0
0, 0, 0, 0, 0, 0, 0, 0, 0, 0, 0, 0, 0, 0, 0, 0, 0, 0, 0, 0, 0, 0, 0, 0, 0, 0, 0, 0, 0, 0, 0, 0, 0, 0, 0, 0, 0, 0, 0, 0, 0, 0, 0, 0, 0, 0, 0, 0, 0, 0, 0, 0, 0, 0, 0, 0, 0, 0, 0, 0, 0, 0, 0, 0, 0, 0, 0, 0, 0, 0, 0, 0, 0, 0, 0, 0, 0, 0, 0, 0, 0, 0, 0, 0, 0, 0, 0, 0, 0, 0, 0, 0, 0, 0, 0, 0, 0, 0, 0, 0
0, 0, 0, 0, 0, 0, 0, 0, 0, 0, 0, 0, 0, 0, 0, 0, 0, 0, 0, 0, 0, 0, 0, 0, 0, 0, 0, 0, 0, 0, 0, 0, 0, 0, 0, 0, 0, 0, 0, 0, 0, 0, 0, 0, 0, 0, 0, 0, 0, 0, 0, 0, 0, 0, 0, 0, 0, 0, 0, 0, 0, 0, 0, 0, 0, 0, 0, 0, 0, 0, 0, 0, 0, 0, 0, 0, 0, 0, 0, 0, 0, 0, 0, 0, 0, 0, 0, 0, 0, 0, 0, 0, 0, 0, 0, 0, 0, 0, 0, 0
0, 0, 0, 0, 0, 0, 0, 0, 0, 0, 0, 0, 0, 0, 0, 0, 0, 0, 0, 0, 0, 0, 0, 0, 0, 0, 0, 0, 0, 0, 0, 0, 0, 0, 0, 0, 0, 0, 0, 0, 0, 0, 0, 0, 0, 0, 0, 0, 0, 0, 0, 0, 0, 0, 0, 0, 0, 0, 0, 0, 0, 0, 0, 0, 0, 0, 0, 0, 0, 0, 0, 0, 0, 0, 0, 0, 0, 0, 0, 0, 0, 0, 0, 0, 0, 0, 0, 0, 0, 0, 0, 0, 0, 0, 0, 0, 0, 0, 0, 0
0, 0, 0, 0, 0, 0, 0, 0, 0, 0, 0, 0, 0, 0, 0, 0, 0, 0, 0, 0, 0, 0, 0, 0, 0, 0, 0, 0, 0, 0, 0, 0, 0, 0, 0, 0, 0, 0, 0, 0, 0, 0, 0, 0, 0, 0, 0, 0, 0, 0, 0, 0, 0, 0, 0, 0, 0, 0, 0, 0, 0, 0, 0, 0, 0, 0, 0, 0, 0, 0, 0, 0, 0, 0, 0, 0, 0, 0, 0, 0, 0, 0, 0, 0, 0, 0, 0, 0, 0, 0, 0, 0, 0, 0, 0, 0, 0, 0, 0, 0
0, 0, 0, 0, 0, 0, 0, 0, 0, 0, 0, 0, 0, 0, 0, 0, 0, 0, 0, 0, 0, 0, 0, 0, 0, 0, 0, 0, 0, 0, 0, 0, 0, 0, 0, 0, 0, 0, 0, 0, 0, 0, 0, 0, 0, 0, 0, 0, 0, 0, 0, 0, 0, 0, 0, 0, 0, 0, 0, 0, 0, 0, 0, 0, 0, 0, 0, 0, 0, 0, 0, 0, 0, 0, 0, 0, 0, 0, 0, 0, 0, 0, 0, 0, 0, 0, 0, 0, 0, 0, 0, 0, 0, 0, 0, 0, 0, 0, 0, 0
0, 0, 0, 0, 0, 0, 0, 0, 0, 0, 0, 0, 0, 0, 0, 0, 0, 0, 0, 0, 0, 0, 0, 0, 0, 0, 0, 0, 0, 0, 0, 0, 0, 0, 0, 0, 0, 0, 0, 0, 0, 0, 0, 0, 0, 0, 0, 0, 0, 0, 0, 0, 0, 0, 0, 0, 0, 0, 0, 0, 0, 0, 0, 0, 0, 0, 0, 0, 0, 0, 0, 0, 0, 0, 0, 0, 0, 0, 0, 0, 0, 0, 0, 0, 0, 0, 0, 0, 0, 0, 0, 0, 0, 0, 0, 0, 0, 0, 0, 0
0, 0, 0, 0, 0, 0, 0, 0, 0, 0, 0, 0, 0, 0, 0, 0, 0, 0, 0, 0, 0, 0, 0, 0, 0, 0, 0, 0, 0, 0, 0, 0, 0, 0, 0, 0, 0, 0, 0, 0, 0, 0, 0, 0, 0, 0, 0, 0, 0, 0, 0, 0, 0, 0, 0, 0, 0, 0, 0, 0, 0, 0, 0, 0, 0, 0, 0, 0, 0, 0, 0, 0, 0, 0, 0, 0, 0, 0, 0, 0, 0, 0, 0, 0, 0, 0, 0, 0, 0, 0, 0, 0, 0, 0, 0, 0, 0, 0, 0, 0
0, 0, 0, 0, 0, 0, 0, 0, 0, 0, 0, 0, 0, 0, 0, 0, 0, 0, 0, 0, 0, 0, 0, 0, 0, 0, 0, 0, 0, 0, 0, 0, 0, 0, 0, 0, 0, 0, 0, 0, 0, 0, 0, 0, 0, 0, 0, 0, 0, 0, 0, 0, 0, 0, 0, 0, 0, 0, 0, 0, 0, 0, 0, 0, 0, 0, 0, 0, 0, 0, 0, 0, 0, 0, 0, 0, 0, 0, 0, 0, 0, 0, 0, 0, 0, 0, 0, 0, 0, 0, 0, 0, 0, 0, 0, 0, 0, 0, 0, 0
0, 0, 0, 0, 0, 0, 0, 0, 0, 0, 0, 0, 0, 0, 0, 0, 0, 0, 0, 0, 0, 0, 0, 0, 0, 0, 0, 0, 0, 0, 0, 0, 0, 0, 0, 0, 0, 0, 0, 0, 0, 0, 0, 0, 0, 0, 0, 0, 0, 0, 0, 0, 0, 0, 0, 0, 0, 0, 0, 0, 0, 0, 0, 0, 0, 0, 0, 0, 0, 0, 0, 0, 0, 0, 0, 0, 0, 0, 0, 0, 0, 0, 0, 0, 0, 0, 0, 0, 0, 0, 0, 0, 0, 0, 0, 0, 0, 0, 0, 0
0, 0, 0, 0, 0, 0, 0, 0, 0, 0, 0, 0, 0, 0, 0, 0, 0, 0, 0, 0, 0, 0, 0, 0, 0, 0, 0, 0, 0, 0, 0, 0, 0, 0, 0, 0, 0, 0, 0, 0, 0, 0, 0, 0, 0, 0, 0, 0, 0, 0, 0, 0, 0, 0, 0, 0, 0, 0, 0, 0, 0, 0, 0, 0, 0, 0, 0, 0, 0, 0, 0, 0, 0, 0, 0, 0, 0, 0, 0, 0, 0, 0, 0, 0, 0, 0, 0, 0, 0, 0, 0, 0, 0, 0, 0, 0, 0, 0, 0, 0
0, 0, 0, 0, 0, 0, 0, 0, 0, 0, 0, 0, 0, 0, 0, 0, 0, 0, 0, 0, 0, 0, 0, 0, 0, 0, 0, 0, 0, 0, 0, 0, 0, 0, 0, 0, 0, 0, 0, 0, 0, 0, 0, 0, 0, 0, 0, 0, 0, 0, 0, 0, 0, 0, 0, 0, 0, 0, 0, 0, 0, 0, 0, 0, 0, 0, 0, 0, 0, 0, 0, 0, 0, 0, 0, 0, 0, 0, 0, 0, 0, 0, 0, 0, 0, 0, 0, 0, 0, 0, 0, 0, 0, 0, 0, 0, 0, 0, 0, 0
0, 0, 0, 0, 0, 0, 0, 0, 0, 0, 0, 0, 0, 0, 0, 0, 0, 0, 0, 0, 0, 0, 0, 0, 0, 0, 0, 0, 0, 0, 0, 0, 0, 0, 0, 0, 0, 0, 0, 0, 0, 0, 0, 0, 0, 0, 0, 0, 0, 0, 0, 0, 0, 0, 0, 0, 0, 0, 0, 0, 0, 0, 0, 0, 0, 0, 0, 0, 0, 0, 0, 0, 0, 0, 0, 0, 0, 0, 0, 0, 0, 0, 0, 0, 0, 0, 0, 0, 0, 0, 0, 0, 0, 0, 0, 0, 0, 0, 0, 0
0, 0, 0, 0, 0, 0, 0, 0, 0, 0, 0, 0, 0, 0, 0, 0, 0, 0, 0, 0, 0, 0, 0, 0, 0, 0, 0, 0, 0, 0, 0, 0, 0, 0, 0, 0, 0, 0, 0, 0, 0, 0, 0, 0, 0, 0, 0, 0, 0, 0, 0, 0, 0, 0, 0, 0, 0, 0, 0, 0, 0, 0, 0, 0, 0, 0, 0, 0, 0, 0, 0, 0, 0, 0, 0, 0, 0, 0, 0, 0, 0, 0, 0, 0, 0, 0, 0, 0, 0, 0, 0, 0, 0, 0, 0, 0, 0, 0, 0, 0
0, 0, 0, 0, 0, 0, 0, 0, 0, 0, 0, 0, 0, 0, 0, 0, 0, 0, 0, 0, 0, 0, 0, 0, 0, 0, 0, 0, 0, 0, 0, 0, 0, 0, 0, 0, 0, 0, 0, 0, 0, 0, 0, 0, 0, 0, 0, 0, 0, 0, 0, 0, 0, 0, 0, 0, 0, 0, 0, 0, 0, 0, 0, 0, 0, 0, 0, 0, 0, 0, 0, 0, 0, 0, 0, 0, 0, 0, 0, 0, 0, 0, 0, 0, 0, 0, 0, 0, 0, 0, 0, 0, 0, 0, 0, 0, 0, 0, 0, 0
0, 0, 0, 0, 0, 0, 0, 0, 0, 0, 0, 0, 0, 0, 0, 0, 0, 0, 0, 0, 0, 0, 0, 0, 0, 0, 0, 0, 0, 0, 0, 0, 0, 0, 0, 0, 0, 0, 0, 0, 0, 0, 0, 0, 0, 0, 0, 0, 0, 0, 0, 0, 0, 0, 0, 0, 0, 0, 0, 0, 0, 0, 0, 0, 0, 0, 0, 0, 0, 0, 0, 0, 0, 0, 0, 0, 0, 0, 0, 0, 0, 0, 0, 0, 0, 0, 0, 0, 0, 0, 0, 0, 0, 0, 0, 0, 0, 0, 0, 0
0, 0, 0, 0, 0, 0, 0, 0, 0, 0, 0, 0, 0, 0, 0, 0, 0, 0, 0, 0, 0, 0, 0, 0, 0, 0, 0, 0, 0, 0, 0, 0, 0, 0, 0, 0, 0, 0, 0, 0, 0, 0, 0, 0, 0, 0, 0, 0, 0, 0, 0, 0, 0, 0, 0, 0, 0, 0, 0, 0, 0, 0, 0, 0, 0, 0, 0, 0, 0, 0, 0, 0, 0, 0, 0, 0, 0, 0, 0, 0, 0, 0, 0, 0, 0, 0, 0, 0, 0, 0, 0, 0, 0, 0, 0, 0, 0, 0, 0, 0
0, 0, 0, 0, 0, 0, 0, 0, 0, 0, 0, 0, 0, 0, 0, 0, 0, 0, 0, 0, 0, 0, 0, 0, 0, 0, 0, 0, 0, 0, 0, 0, 0, 0, 0, 0, 0, 0, 0, 0, 0, 0, 0, 0, 0, 0, 0, 0, 0, 0, 0, 0, 0, 0, 0, 0, 0, 0, 0, 0, 0, 0, 0, 0, 0, 0, 0, 0, 0, 0, 0, 0, 0, 0, 0, 0, 0, 0, 0, 0, 0, 0, 0, 0, 0, 0, 0, 0, 0, 0, 0, 0, 0, 0, 0, 0, 0, 0, 0, 0
0, 0, 0, 0, 0, 0, 0, 0, 0, 0, 0, 0, 0, 0, 0, 0, 0, 0, 0, 0, 0, 0, 0, 0, 0, 0, 0, 0, 0, 0, 0, 0, 0, 0, 0, 0, 0, 0, 0, 0, 0, 0, 0, 0, 0, 0, 0, 0, 0, 0, 0, 0, 0, 0, 0, 1e-07, 0, 0, 0, 0, 0, 0, 0, 0, 0, 0, 0, 0, 0, 0, 0, 0, 0, 0, 0, 0, 0, 0, 0, 0, 0, 0, 0, 0, 0, 0, 0, 0, 0, 0, 0, 0, 0, 0, 0, 0, 0, 0, 0, 0
0, 0, 0, 0, 0, 0, 0, 0, 0, 0, 0, 0, 0, 0, 0, 0, 0, 0, 0, 0, 0, 0, 0, 0, 0, 0, 0, 0, 0, 0, 0, 0, 0, 0, 0, 0, 0, 0, 0, 0, 0, 0, 0, 0, 0, 0, 0, 0, 0, 0, 0, 0, 0, 0, 0, 0, 0, 0, 0, 0, 0, 1e-07, 0, 0, 0, 0, 0, 0, 1e-07, 0, 0, 1e-07, 0, 0, 0, 0, 0, 0, 0, 0, 0, 0, 0, 0, 0, 0, 0, 0, 0, 0, 0, 0, 0, 0, 0, 0, 0, 0, 0, 0
0, 0, 0, 0, 0, 0, 0, 0, 0, 0, 0, 0, 0, 0, 0, 0, 0, 0, 0, 0, 0, 0, 0, 0, 0, 0, 0, 0, 0, 0, 0, 0, 0, 0, 0, 0, 0, 0, 0, 0, 0, 0, 0, 0, 0, 0, 0, 0, 0, 0, 0, 0, 0, 0, 0, 0, 0, 0, 0, 0, 0, 1e-07, 0, 0, 0, 0, 0, 0, 0, 0, 0, 0, 0, 0, 0, 0, 0, 1e-07, 0, 0, 0, 0, 0, 0, 0, 0, 0, 0, 0, 0, 0, 0, 0, 0, 0, 0, 0, 0, 0, 0
0, 0, 0, 0, 0, 0, 0, 0, 0, 0, 0, 0, 0, 0, 0, 0, 0, 0, 0, 0, 0, 0, 0, 0, 0, 0, 0, 0, 0, 0, 0, 0, 0, 0, 0, 0, 0, 0, 0, 0, 0, 0, 0, 0, 0, 0, 0, 0, 0, 0, 0, 0, 0, 0, 0, 2e-07, 1e-07, 1e-07, 0, 3e-07, 0, 0, 0, 1e-07, 0, 1e-07, 1e-07, 0, 3e-07, 1e-07, 0, 0, 0, 0, 0, 0, 1e-07, 0, 0, 0, 0, 0, 0, 0, 0, 0, 0, 0, 0, 0, 0, 0, 0, 0, 0, 0, 0, 0, 0, 0
0, 0, 0, 0, 0, 0, 0, 0, 0, 0, 0, 0, 0, 0, 0, 0, 0, 0, 0, 0, 0, 0, 0, 0, 0, 0, 0, 0, 0, 0, 0, 0, 0, 0, 0, 0, 0, 0, 0, 0, 0, 0, 0, 0, 0, 0, 0, 0, 0, 0, 0, 0, 0, 0, 1e-07, 1e-07, 0, 0, 0, 0, 1e-07, 0, 0, 0, 1e-07, 1e-07, 2e-07, 1e-07, 1e-07, 1e-07, 0, 0, 1e-07, 1e-07, 0, 0, 0, 0, 0, 0, 0, 0, 0, 0, 0, 0, 0, 0, 0, 0, 0, 0, 0, 0, 0, 0, 0, 0, 0, 0
0, 0, 0, 0, 0, 0, 0, 0, 0, 0, 0, 0, 0, 0, 0, 0, 0, 0, 0, 0, 0, 0, 0, 0, 0, 0, 0, 0, 0, 0, 0, 0, 0, 0, 0, 0, 0, 0, 0, 0, 0, 0, 0, 0, 0, 0, 0, 0, 0, 0, 0, 0, 0, 0, 0, 2e-07, 1e-07, 0, 2e-07, 3e-07, 2e-07, 1e-07, 0, 1e-07, 0, 0, 2e-07, 3e-07, 1e-07, 1e-07, 1e-07, 1e-07, 0, 0, 0, 0, 0, 0, 0, 0, 0, 0, 0, 0, 0, 0, 0, 0, 0, 0, 0, 0, 0, 0, 0, 0, 0, 0, 0, 0
0, 0, 0, 0, 0, 0, 0, 0, 0, 0, 0, 0, 0, 0, 0, 0, 0, 0, 0, 0, 0, 0, 0, 0, 0, 0, 0, 0, 0, 0, 0, 0, 0, 0, 0, 0, 0, 0, 0, 0, 0, 0, 0, 0, 0, 0, 0, 1e-07, 0, 0, 1e-07, 1e-07, 1e-07, 0, 2e-07, 4e-07, 0, 3e-07, 1e-07, 0, 3e-07, 4e-07, 1e-07, 2e-07, 2e-07, 3e-07, 4e-07, 4e-07, 4e-07, 2e-07, 1e-07, 2e-07, 3e-07, 1e-07, 3e-07, 3e-07, 1e-07, 0, 0, 0, 0, 0, 0, 0, 0, 0, 0, 0, 0, 0, 0, 0, 0, 0, 0, 0, 0, 0, 0, 0
0, 0, 0, 0, 0, 0, 0, 0, 0, 0, 0, 0, 0, 0, 0, 0, 0, 0, 0, 0, 0, 0, 0, 0, 0, 0, 0, 0, 0, 0, 0, 0, 0, 0, 0, 0, 0, 0, 0, 0, 0, 0, 0, 0, 0, 0, 0, 0, 1e-07, 0, 1e-07, 0, 0, 7e-07, 7e-07, 1e-07, 3e-07, 6e-07, 4e-07, 6e-07, 3e-07, 1e-06, 1.2e-06, 5e-07, 3e-07, 9e-07, 8e-07, 3e-07, 2e-07, 5e-07, 3e-07, 5e-07, 0, 1e-07, 3e-07, 0, 1e-07, 0, 0, 0, 0, 0, 0, 0, 0, 0, 0, 0, 0, 0, 0, 0, 0, 0, 0, 0, 0, 0, 0, 0
0, 0, 0, 0, 0, 0, 0, 0, 0, 0, 0, 0, 0, 0, 0, 0, 0, 0, 0, 0, 0, 0, 0, 0, 0, 0, 0, 0, 0, 0, 0, 0, 0, 0, 0, 0, 0, 0, 0, 0, 0, 1e-07, 0, 1e-07, 0, 0, 0, 1e-07, 0, 2e-07, 2e-07, 2e-07, 4e-07, 3e-07, 4e-07, 3e-07, 9e-07, 4e-07, 6e-07, 1e-06, 2e-06, 9e-07, 6e-07, 7e-07, 1.2e-06, 9e-07, 5e-07, 9e-07, 7e-07, 7e-07, 2e-07, 4e-07, 6e-07, 2e-07, 1e-07, 1e-07, 1e-07, 1e-07, 1e-07, 0, 0, 0, 0, 0, 0, 0, 0, 0, 0, 0, 0, 0, 0, 0, 0, 0, 0, 0, 0, 0
0, 0, 0, 0, 0, 0, 0, 0, 0, 0, 0, 0, 0, 0, 0, 0, 0, 0, 0, 0, 0, 0, 0, 0, 0, 0, 0, 0, 0, 0, 0, 0, 0, 0, 0, 0, 0, 0, 0, 0, 0, 0, 0, 0, 0, 1e-07, 0, 0, 1e-07, 1e-07, 1e-07, 3e-07, 5e-07, 5e-07, 1.1e-06, 1.1e-06, 1.3e-06, 1e-06, 1.8e-06, 1.5e-06, 1.3e-06, 1.5e-06, 1.9e-06, 2e-06, 1.9e-06, 2e-06, 1.6e-06, 1.8e-06, 1.4e-06, 1.5e-06, 1.3e-06, 3e-07, 1.1e-06, 7e-07, 3e-07, 4e-07, 0, 2e-07, 0, 2e-07, 0, 1e-07, 0, 0, 1e-07, 0, 0, 0, 0, 0, 0, 0, 0, 0, 0, 0, 0, 0, 0, 0
0, 0, 0, 0, 0, 0, 0, 0, 0, 0, 0, 0, 0, 0, 0, 0, 0, 0, 0, 0, 0, 0, 0, 0, 0, 0, 0, 0, 0, 0, 0, 0, 0, 0, 0, 0, 0, 1e-07, 0, 0, 0, 0, 0, 0, 0, 1e-07, 1e-07, 0, 4e-07, 5e-07, 3e-07, 7e-07, 7e-07, 8e-07, 1.2e-06, 1.1e-06, 1.9e-06, 2.1e-06, 2.4e-06, 3.3e-06, 3.4e-06, 3.5e-06, 2.9e-06, 2.2e-06, 3.5e-06, 3.1e-06, 2.7e-06, 3.4e-06, 2.4e-06, 1.7e-06, 2.2e-06, 2e-06, 1.5e-06, 1.2e-06, 9e-07, 9e-07, 1.2e-06, 2e-07, 2e-07, 1e-07, 0, 1e-07, 1e-07, 1e-07, 0, 0, 0, 0, 0, 0, 0, 0, 0, 0, 0, 0, 0, 0, 0, 0
0, 0, 0, 0, 0, 0, 0, 0, 0, 0, 0, 0, 0, 0, 0, 0, 0, 0, 0, 0, 0, 0, 0, 0, 0, 0, 0, 0, 0, 0, 0, 0, 0, 0, 0, 0, 0, 0, 0, 0, 0, 0, 1e-07, 0, 0, 2e-07, 1e-07, 2e-07, 2e-07, 2e-07, 8e-07, 8e-07, 1.3e-06, 2.1e-06, 2.2e-06, 2e-06, 2.1e-06, 3.3e-06, 3.6e-06, 3.8e-06, 5.2e-06, 5e-06, 4.9e-06, 5.8e-06, 4.8e-06, 5.2e-06, 3.3e-06, 5.3e-06, 5.1e-06, 4.5e-06, 3.7e-06, 4e-06, 2.3e-06, 2.3e-06, 1.9e-06, 1.1e-06, 1.2e-06, 4e-07, 8e-07, 3e-07, 2e-07, 3e-07, 1e-07, 0, 1e-07, 0, 1e-07, 0, 0, 0, 0, 0, 0, 0, 0, 0, 0, 0, 0, 0
0, 0, 0, 0, 0, 0, 0, 0, 0, 0, 0, 0, 0, 0, 0, 0, 0, 0, 0, 0, 0, 0, 0, 0, 0, 0, 0, 0, 0, 0, 0, 0, 0, 0, 0, 0, 0, 0, 0, 0, 0, 0, 0, 0, 1e-07, 2e-07, 2e-07, 4e-07, 5e-07, 1.2e-06, 6e-07, 1.1e-06, 2e-06, 2.1e-06, 2.6e-06, 4.4e-06, 3.7e-06, 5.2e-06, 6.1e-06, 6.4e-06, 7.9e-06, 9.1e-06, 8.2e-06, 7.1e-06, 1.02e-05, 7.9e-06, 8.2e-06, 7e-06, 7e-06, 6.7e-06, 5.5e-06, 4.9e-06, 3.4e-06, 3.1e-06, 3.8e-06, 2.4e-06, 2e-06, 1.8e-06, 1e-06, 9e-07, 4e-07, 1e-07, 1e-07, 3e-07, 0, 0, 0, 0, 0, 0, 0, 0, 0, 0, 0, 0, 0, 0, 0, 0
0, 0, 0, 0, 0, 0, 0, 0, 0, 0, 0, 0, 0, 0, 0, 0, 0, 0, 0, 0, 0, 0, 0, 0, 0, 0, 0, 0, 0, 0, 0, 0, 0, 0, 0, 0, 0, 0, 0, 0, 1e-07, 1e-07, 1e-07, 0, 2e-07, 2e-07, 4e-07, 1e-06, 9e-07, 1.4e-06, 1.2e-06, 2.7e-06, 2.1e-06, 3.1e-06, 4.2e-06, 5.2e-06, 7.4e-06, 8.3e-06, 8.7e-06, 9e-06, 1.09e-05, 1.42e-05, 1.34e-05, 1.49e-05, 1.71e-05, 1.61e-05, 1.63e-05, 1.44e-05, 1.22e-05, 1.27e-05, 9.8e-06, 8.9e-06, 7.8e-06, 5.4e-06, 4.8e-06, 4.7e-06, 3.1e-06, 1.8e-06, 1.2e-06, 1.2e-06, 1e-06, 9e-07, 7e-07, 0, 0, 1e-07, 0, 1e-07, 0, 0, 0, 0, 0, 0, 0, 0, 0, 0, 0, 0
0, 0, 0, 0, 0, 0, 0, 0, 0, 0, 0, 0, 0, 0, 0, 0, 0, 0, 0, 0, 0, 0, 0, 0, 0, 0, 0, 0, 0, 0, 0, 0, 0, 0, 0, 0, 0, 0, 0, 0, 2e-07, 0, 0, 0, 0, 3e-07, 1.2e-06, 6e-07, 1.6e-06, 1.2e-06, 2.2e-06, 3.6e-06, 2.8e-06, 4.6e-06, 6.3e-06, 9.7e-06, 9.7e-06, 1.06e-05, 1.29e-05, 1.48e-05, 1.84e-05, 1.9e-05, 2.07e-05, 2.45e-05, 2.41e-05, 2.12e-05, 2.08e-05, 2.12e-05, 1.89e-05, 1.93e-05, 1.59e-05, 1.24e-05, 1.17e-05, 1.02e-05, 7.1e-06, 6.7e-06, 5e-06, 3.9e-06, 3.2e-06, 2.2e-06, 1.4e-06, 1.1e-06, 7e-07, 2e-07, 1e-07, 2e-07, 3e-07, 0, 0, 2e-07, 0, 0, 0, 0, 0, 0, 0, 0, 0, 0
0, 0, 0, 0, 0, 0, 0, 0, 0, 0, 0, 0, 0, 0, 0, 0, 0, 0, 0, 0, 0, 0, 0, 0, 0, 0, 0, 0, 0, 0, 0, 0, 0, 0, 0, 0, 0, 0, 0, 0, 0, 0, 6e-07, 1e-07, 2e-07, 3e-07, 1.3e-06, 9e-07, 2.1e-06, 1.7e-06, 3.1e-06, 4.8e-06, 5.6e-06, 6.8e-06, 8.4e-06, 1.42e-05, 1.51e-05, 1.62e-05, 2.02e-05, 2.33e-05, 2.73e-05, 2.82e-05, 3.1e-05, 3.52e-05, 3.52e-05, 3.53e-05, 3.68e-05, 3.72e-05, 3.03e-05, 2.83e-05, 2.46e-05, 2.18e-05, 2.06e-05, 1.94e-05, 1.35e-05, 8.9e-06, 7.9e-06, 7.3e-06, 5.6e-06, 3.5e-06, 1.7e-06, 1.4e-06, 1.1e-06, 6e-07, 3e-07, 2e-07, 2e-07, 1e-07, 1e-07, 0, 0, 0, 0, 0, 0, 0, 0, 0, 0, 0
0, 0, 0, 0, 0, 0, 0, 0, 0, 0, 0, 0, 0, 0, 0, 0, 0, 0, 0, 0, 0, 0, 0, 0, 0, 0, 0, 0, 0, 0, 0, 0, 0, 0, 0, 0, 0, 0, 0, 0, 0, 2e-07, 1e-07, 2e-07, 6e-07, 4e-07, 9e-07, 1.3e-06, 1.3e-06, 2.6e-06, 4.8e-06, 4.8e-06, 5.9e-06, 9.9e-06, 1.3e-05, 1.6e-05, 2.28e-05, 2.68e-05, 3.07e-05, 3.68e-05, 3.76e-05, 4.39e-05, 4.73e-05, 4.95e-05, 5.31e-05, 5.37e-05, 5.4e-05, 5.12e-05, 5.1e-05, 4.24e-05, 4.07e-05, 3.91e-05, 2.84e-05, 2.51e-05, 2.03e-05, 1.92e-05, 1.43e-05, 8.3e-06, 8.2e-06, 6.2e-06, 4.4e-06, 2.6e-06, 1.5e-06, 1.2e-06, 1.3e-06, 7e-07, 5e-07, 2e-07, 6e-07, 0, 0, 0, 0, 0, 0, 0, 0, 0, 0, 0
0, 0, 0, 0, 0, 0, 0, 0, 0, 0, 0, 0, 0, 0, 0, 0, 0, 0, 0, 0, 0, 0, 0, 0, 0, 0, 0, 0, 0, 0, 0, 0, 0, 0, 0, 0, 0, 0, 0, 0, 0, 2e-07, 1e-07, 5e-07, 9e-07, 5e-07, 9e-07, 2.1e-06, 3.6e-06, 4.6e-06, 4.3e-06, 8.4e-06, 9.8e-06, 1.41e-05, 1.89e-05, 2.5e-05, 2.92e-05, 3.73e-05, 4.25e-05, 5.08e-05, 5.63e-05, 5.97e-05, 6.72e-05, 7.18e-05, 7.76e-05, 7.53e-05, 7.58e-05, 7.72e-05, 7.68e-05, 6.94e-05, 6.66e-05, 5.07e-05, 4.58e-05, 4.23e-05, 3.41e-05, 2.97e-05, 2.2e-05, 1.73e-05, 1.3e-05, 7.6e-06, 6.9e-06, 4.5e-06, 4.3e-06, 2e-06, 1e-06, 9e-07, 4e-07, 5e-07, 4e-07, 1e-07, 1e-07, 0, 0, 0, 0, 0, 0, 0, 0, 0
0, 0, 0, 0, 0, 0, 0, 0, 0, 0, 0, 0, 0, 0, 0, 0, 0, 0, 0, 0, 0, 0, 0, 0, 0, 0, 0, 0, 0, 0, 0, 0, 0, 0, 0, 0, 0, 0, 0, 0, 1e-07, 0, 2e-07, 2e-07, 2e-07, 1.2e-06, 1.4e-06, 2e-06, 3e-06, 6.4e-06, 8.7e-06, 1.05e-05, 1.53e-05, 2.01e-05, 2.26e-05, 2.85e-05, 4.18e-05, 4.92e-05, 5.67e-05, 7.04e-05, 7.9e-05, 8.74e-05, 9.23e-05, 9.45e-05, 0.0001105, 0.0001131, 0.0001057, 0.0001146, 0.0001023, 9.89e-05, 9.37e-05, 8.32e-05, 7.39e-05, 6.22e-05, 5.21e-05, 4.46e-05, 3.22e-05, 2.59e-05, 1.94e-05, 1.59e-05, 1.02e-05, 7.4e-06, 6.5e-06, 4.1e-06, 1.7e-06, 1.2e-06, 1.1e-06, 9e-07, 3e-07, 3e-07, 2e-07, 2e-07, 0, 0, 0, 0, 0, 0, 0, 0
0, 0, 0, 0, 0, 0, 0, 0, 0, 0, 0, 0, 0, 0, 0, 0, 0, 0, 0, 0, 0, 0, 0, 0, 0, 0, 0, 0, 0, 0, 0, 0, 0, 0, 0, 0, 0, 0, 1e-07, 0, 0, 1e-07, 3e-07, 5e-07, 6e-07, 1.3e-06, 9e-07, 2.8e-06, 5.6e-06, 7.5e-06, 9.6e-06, 1.27e-05, 1.95e-05, 2.35e-05, 3.15e-05, 4.2e-05, 5.61e-05, 6.51e-05, 7.42e-05, 8.69e-05, 0.0001027, 0.0001156, 0.0001285, 0.0001407, 0.0001448, 0.0001519, 0.0001507, 0.0001617, 0.0001511, 0.0001368, 0.000133, 0.0001257, 0.0001017, 9.2e-05, 7.55e-05, 6.11e-05, 5.4e-05, 4.02e-05, 3.24e-05, 2.63e-05, 1.82e-05, 1.36e-05, 7.9e-06, 6.4e-06, 3.6e-06, 2.2e-06, 1.7e-06, 7e-07, 6e-07, 3e-07, 3e-07, 0, 0, 0, 0, 0, 0, 0, 0, 0
0, 0, 0, 0, 0, 0, 0, 0, 0, 0, 0, 0, 0, 0, 0, 0, 0, 0, 0, 0, 0, 0, 0, 0, 0, 0, 0, 0, 0, 0, 0, 0, 0, 0, 0, 0, 0, 0, 0, 0, 0, 2e-07, 5e-07, 6e-07, 1.8e-06, 1.6e-06, 2.4e-06, 3.4e-06, 4.4e-06, 9.8e-06, 1.12e-05, 1.77e-05, 2.31e-05, 3.34e-05, 4.49e-05, 4.94e-05, 6.76e-05, 7.67e-05, 0.0001005, 0.0001232, 0.0001391, 0.000162, 0.000171, 0.0001889, 0.0002004, 0.0002085, 0.0002235, 0.0002104, 0.0002058, 0.0001945, 0.0001805, 0.0001678, 0.0001474, 0.0001369, 0.0001174, 9.31e-05, 7.24e-05, 6.14e-05, 4.9e-05, 3.76e-05, 2.68e-05, 2.07e-05, 1.5e-05, 1.02e-05, 6.4e-06, 4.7e-06, 2.9e-06, 1.1e-06, 1.3e-06, 7e-07, 2e-07, 3e-07, 0, 3e-07, 0, 0, 0, 0, 0, 0
0, 0, 0, 0, 0, 0, 0, 0, 0, 0, 0, 0, 0, 0, 0, 0, 0, 0, 0, 0, 0, 0, 0, 0, 0, 0, 0, 0, 0, 0, 0, 0, 0, 0, 0, 0, 0, 0, 0, 0, 3e-07, 5e-07, 1e-07, 6e-07, 1e-06, 1.3e-06, 3.6e-06, 5.7e-06, 5.8e-06, 1e-05, 1.55e-05, 1.96e-05, 2.85e-05, 4.02e-05, 5.16e-05, 6.82e-05, 8.52e-05, 0.0001037, 0.0001267, 0.0001511, 0.0001837, 0.0002067, 0.0002269, 0.0002479, 0.000265, 0.0002835, 0.0002785, 0.0002931, 0.0002783, 0.0002829, 0.0002554, 0.0002434, 0.0002083, 0.0001902, 0.0001694, 0.0001376, 0.0001165, 9.26e-05, 7.04e-05, 4.86e-05, 3.94e-05, 2.98e-05, 2.12e-05, 1.59e-05, 9.2e-06, 6.7e-06, 4.9e-06, 2.2e-06, 1.1e-06, 1.1e-06, 3e-07, 6e-07, 2e-07, 1e-07, 0, 0, 0, 0, 0, 0
0, 0, 0, 0, 0, 0, 0, 0, 0, 0, 0, 0, 0, 0, 0, 0, 0, 0, 0, 0, 0, 0, 0, 0, 0, 0, 0, 0, 0, 0, 0, 0, 0, 0, 0, 0, 0, 0, 0, 1e-07, 2e-07, 2e-07, 4e-07, 5e-07, 1.2e-06, 1.8e-06, 2.7e-06, 4.4e-06, 7.3e-06, 1.02e-05, 1.82e-05, 2.68e-05, 3.56e-05, 5.09e-05, 6.61e-05, 9.06e-05, 0.0001124, 0.0001346, 0.000163, 0.0001865, 0.0002147, 0.0002526, 0.0002915, 0.0003122, 0.0003372, 0.0003616, 0.0003715, 0.0003708, 0.000366, 0.0003574, 0.0003415, 0.0003201, 0.0002867, 0.0002555, 0.0002216, 0.0002, 0.0001629, 0.0001292, 0.0001033, 7.7e-05, 5.82e-05, 4.11e-05, 3.02e-05, 1.87e-05, 1.6e-05, 1.03e-05, 4.8e-06, 3.4e-06, 2.5e-06, 1e-06, 1e-07, 6e-07, 3e-07, 0, 0, 0, 0, 0, 0, 0
0, 0, 0, 0, 0, 0, 0, 0, 0, 0, 0, 0, 0, 0, 0, 0, 0, 0, 0, 0, 0, 0, 0, 0, 0, 0, 0, 0, 0, 0, 0, 0, 0, 0, 0, 0, 0, 1e-07, 0, 3e-07, 1e-07, 6e-07, 4e-07, 9e-07, 1.2e-06, 2e-06, 4.4e-06, 4.5e-06, 9e-06, 1.3e-05, 2e-05, 2.89e-05, 3.92e-05, 5.78e-05, 7.97e-05, 0.0001047, 0.0001267, 0.0001613, 0.0001985, 0.0002377, 0.000278, 0.0003125, 0.0003472, 0.0003821, 0.0004143, 0.0004469, 0.0004634, 0.0004724, 0.0004809, 0.0004644, 0.0004418, 0.0004196, 0.000381, 0.000347, 0.000297, 0.0002562, 0.0002209, 0.0001825, 0.0001359, 0.0001074, 8.56e-05, 6.32e-05, 4.34e-05, 3.26e-05, 1.98e-05, 1.36e-05, 1.06e-05, 5.7e-06, 4.6e-06, 2.2e-06, 1.9e-06, 9e-07, 1e-07, 2e-07, 1e-07, 1e-07, 0, 1e-07, 0, 0
0, 0, 0, 0, 0, 0, 0, 0, 0, 0, 0, 0, 0, 0, 0, 0, 0, 0, 0, 0, 0, 0, 0, 0, 0, 0, 0, 0, 0, 0, 0, 0, 0, 0, 0, 1e-07, 0, 0, 0, 1e-07, 0, 2e-07, 4e-07, 1.2e-06, 2.6e-06, 2.9e-06, 4.5e-06, 7.3e-06, 1.16e-05, 1.32e-05, 2.52e-05, 3.89e-05, 4.91e-05, 6.74e-05, 8.68e-05, 0.0001223, 0.0001497, 0.0001937, 0.0002298, 0.0002913, 0.0003259, 0.0003767, 0.000426, 0.0004606, 0.0005038, 0.0005435, 0.000563, 0.0005908, 0.0005936, 0.0005856, 0.0005651, 0.0005213, 0.0005002, 0.0004551, 0.0003947, 0.0003383, 0.000287, 0.0002346, 0.0001826, 0.0001495, 0.000114, 8.81e-05, 6.36e-05, 3.91e-05, 3.05e-05, 2.07e-05, 1.4e-05, 9.7e-06, 4.8e-06, 2.7e-06, 1.6e-06, 1.9e-06, 5e-07, 4e-07, 2e-07, 2e-07, 0, 0, 0, 0
0, 0, 0, 0, 0, 0, 0, 0, 0, 0, 0, 0, 0, 0, 0, 0, 0, 0, 0, 0, 0, 0, 0, 0, 0, 0, 0, 0, 0, 0, 0, 0, 0, 0, 0, 0, 0, 0, 0, 1e-07, 1e-07, 1e-07, 9e-07, 7e-07, 1.8e-06, 3.2e-06, 4.2e-06, 8.5e-06, 1.13e-05, 1.95e-05, 2.52e-05, 3.9e-05, 5.75e-05, 7.85e-05, 0.0001119, 0.0001419, 0.00018, 0.0002209, 0.0002801, 0.0003334, 0.0003827, 0.0004395, 0.0005113, 0.000562, 0.000602, 0.0006459, 0.0006743, 0.0007087, 0.0007113, 0.0007125, 0.0006807, 0.0006578, 0.0006153, 0.0005784, 0.0005041, 0.0004441, 0.0003848, 0.000303, 0.0002451, 0.0001997, 0.0001521, 0.0001229, 9.07e-05, 5.66e-05, 4.22e-05, 3.12e-05, 1.97e-05, 1.21e-05, 8.6e-06, 5.6e-06, 3.3e-06, 1.5e-06, 1.1e-06, 6e-07, 2e-07, 1e-07, 1e-07, 0, 1e-07, 0
0, 0, 0, 0, 0, 0, 0, 0, 0, 0, 0, 0, 0, 0, 0, 0, 0, 0, 0, 0, 0, 0, 0, 0, 0, 0, 0, 0, 0, 0, 0, 0, 0, 0, 0, 0, 0, 0, 1e-07, 0, 0, 4e-07, 6e-07, 8e-07, 2.2e-06, 2.8e-06, 4.8e-06, 7.8e-06, 1.58e-05, 2.14e-05, 3e-05, 4.14e-05, 6.33e-05, 8.52e-05, 0.0001206, 0.0001528, 0.0002034, 0.0002496, 0.0003171, 0.0003878, 0.0004265, 0.0005241, 0.000582, 0.0006417, 0.0007156, 0.0007499, 0.0007765, 0.0008251, 0.0008531, 0.0008478, 0.000838, 0.0008162, 0.0007401, 0.0006804, 0.0006249, 0.0005545, 0.0004783, 0.0003929, 0.0003276, 0.0002564, 0.0002058, 0.0001576, 0.0001119, 8.16e-05, 5.37e-05, 3.93e-05, 2.82e-05, 1.76e-05, 1.05e-05, 5.6e-06, 3.5e-06, 2.1e-06, 1.1e-06, 5e-07, 2e-07, 1e-07, 2e-07, 2e-07, 0, 0
0, 0, 0, 0, 0, 0, 0, 0, 0, 0, 0, 0, 0, 0, 0, 0, 0, 0, 0, 0, 0, 0, 0, 0, 0, 0, 0, 0, 0, 0, 0, 0, 0, 0, 0, 0, 0, 0, 1e-07, 0, 1e-07, 4e-07, 4e-07, 9e-07, 2e-06, 3.5e-06, 4.2e-06, 8.7e-06, 1.35e-05, 2.24e-05, 2.9e-05, 4.48e-05, 6.83e-05, 9.21e-05, 0.0001317, 0.0001787, 0.0002181, 0.0002885, 0.0003567, 0.0004314, 0.0005027, 0.0005911, 0.0006649, 0.000738, 0.0007988, 0.0008496, 0.0009077, 0.0009611, 0.000959, 0.0009701, 0.0009397, 0.0009348, 0.0008833, 0.0008227, 0.0007441, 0.0006794, 0.0005807, 0.0004999, 0.0004059, 0.0003378, 0.000251, 0.0002018, 0.000158, 0.00011, 7.58e-05, 5.48e-05, 3.76e-05, 2.4e-05, 1.38e-05, 1.07e-05, 6.3e-06, 2.9e-06, 2.5e-06, 1.1e-06, 4e-07, 2e-07, 2e-07, 0, 3e-07, 0
0, 0, 0, 0, 0, 0, 0, 0, 0, 0, 0, 0, 0, 0, 0, 0, 0, 0, 0, 0, 0, 0, 0, 0, 0, 0, 0, 0, 0, 0, 0, 0, 0, 0, 0, 0, 1e-07, 0, 1e-07, 2e-07, 2e-07, 3e-07, 8e-07, 1.1e-06, 9e-07, 3.6e-06, 5.2e-06, 8e-06, 1.35e-05, 2.08e-05, 3.5e-05, 5.35e-05, 7.34e-05, 0.0001011, 0.0001377, 0.0001967, 0.0002519, 0.0003137, 0.0004005, 0.0004801, 0.0005537, 0.0006449, 0.0007513, 0.0008204, 0.0008908, 0.0009575, 0.0010165, 0.001049, 0.0010836, 0.0011097, 0.0010955, 0.001054, 0.0010443, 0.0009856, 0.0008877, 0.0007867, 0.0007107, 0.0006121, 0.0004994, 0.0004092, 0.0003361, 0.0002549, 0.0001845, 0.0001505, 9.9e-05, 6.64e-05, 4.63e-05, 3.07e-05, 1.97e-05, 1.2e-05, 7.9e-06, 5.1e-06, 3.4e-06, 1.4e-06, 9e-07, 6e-07, 2e-07, 2e-07, 0, 0
0, 0, 0, 0, 0, 0, 0, 0, 0, 0, 0, 0, 0, 0, 0, 0, 0, 0, 0, 0, 0, 0, 0, 0, 0, 0, 0, 0, 0, 0, 0, 0, 0, 0, 0, 0, 0, 0, 0, 1e-07, 4e-07, 7e-07, 5e-07, 8e-07, 1.1e-06, 2.4e-06, 6.3e-06, 8.7e-06, 1.5e-05, 2.19e-05, 3.49e-05, 5.45e-05, 7.33e-05, 0.0001025, 0.0001523, 0.0001994, 0.0002626, 0.0003391, 0.0004174, 0.0005057, 0.000609, 0.0007151, 0.0008153, 0.0008835, 0.0009702, 0.0010701, 0.001124, 0.0011577, 0.0012043, 0.0012287, 0.0012197, 0.0011896, 0.0011592, 0.0010872, 0.0010328, 0.0009066, 0.000815, 0.0007209, 0.0006113, 0.000504, 0.0003975, 0.0003118, 0.0002395, 0.0001795, 0.0001261, 9.44e-05, 6e-05, 4.14e-05, 2.67e-05, 1.83e-05, 1.06e-05, 6.4e-06, 3.3e-06, 3.1e-06, 1.1e-06, 3e-07, 3e-07, 3e-07, 1e-07, 0
0, 0, 0, 0, 0, 0, 0, 0, 0, 0, 0, 0, 0, 0, 0, 0, 0, 0, 0, 0, 0, 0, 0, 0, 0, 0, 0, 0, 0, 0, 0, 0, 0, 0, 0, 0, 0, 0, 1e-07, 2e-07, 2e-07, 3e-07, 8e-07, 1.1e-06, 1.8e-06, 4.1e-06, 5e-06, 8.8e-06, 1.53e-05, 2.1e-05, 3.81e-05, 5.02e-05, 7.56e-05, 0.0001104, 0.0001567, 0.0002132, 0.0002759, 0.0003608, 0.0004506, 0.0005422, 0.0006543, 0.0007685, 0.000856, 0.0009551, 0.0010582, 0.0011277, 0.0012067, 0.0012579, 0.0012939, 0.0013323, 0.0013255, 0.0012885, 0.0012783, 0.001215, 0.0011368, 0.0010317, 0.0009289, 0.0008254, 0.0007092, 0.000582, 0.000468, 0.0003718, 0.0002854, 0.000222, 0.0001656, 0.000115, 7.9e-05, 5.25e-05, 3.58e-05, 2.18e-05, 1.38e-05, 8.1e-06, 4.1e-06, 3.3e-06, 1.8e-06, 5e-07, 2e-07, 7e-07, 2e-07, 2e-07
0, 0, 0, 0, 0, 0, 0, 0, 0, 0, 0, 0, 0, 0, 0, 0, 0, 0, 0, 0, 0, 0, 0, 0, 0, 0, 0, 0, 0, 0, 0, 0, 0, 0, 1e-07, 0, 0, 0, 0, 1e-07, 0, 2e-07, 2e-07, 5e-07, 2.1e-06, 2.2e-06, 5.6e-06, 9.7e-06, 1.33e-05, 2.04e-05, 3.55e-05, 5.44e-05, 7.58e-05, 0.0001077, 0.0001556, 0.0002176, 0.000282, 0.0003582, 0.0004714, 0.0005759, 0.0006826, 0.0007779, 0.0009269, 0.0010129, 0.0011193, 0.001196, 0.0012949, 0.0013409, 0.0013836, 0.0014067, 0.0014282, 0.0014311, 0.0013695, 0.0013283, 0.0012447, 0.0011473, 0.0010507, 0.0009221, 0.0007909, 0.0006707, 0.0005437, 0.0004342, 0.00035, 0.0002592, 0.0001963, 0.0001373, 9.68e-05, 6.98e-05, 4.41e-05, 2.95e-05, 1.89e-05, 1.06e-05, 5.8e-06, 3e-06, 3.3e-06, 1.1e-06, 8e-07, 4e-07, 2e-07, 1e-07
0, 0, 0, 0, 0, 0, 0, 0, 0, 0, 0, 0, 0, 0, 0, 0, 0, 0, 0, 0, 0, 0, 0, 0, 0, 0, 0, 0, 0, 0, 0, 0, 0, 0, 0, 0, 0, 1e-07, 1e-07, 0, 3e-07, 3e-07, 3e-07, 7e-07, 1.4e-06, 2.4e-06, 4.8e-06, 7.5e-06, 1.38e-05, 2.28e-05, 3.32e-05, 5.2e-05, 7.65e-05, 0.0001075, 0.0001575, 0.0002133, 0.0002894, 0.0003821, 0.0004783, 0.0005876, 0.0006907, 0.0008296, 0.000942, 0.001042, 0.0011682, 0.0012538, 0.0013581, 0.0014065, 0.0014513, 0.0014801, 0.001488, 0.0014991, 0.0014672, 0.0014315, 0.001337, 0.0012415, 0.0011572, 0.0010154, 0.0008889, 0.0007475, 0.0006257, 0.0004968, 0.0004004, 0.0003085, 0.0002291, 0.0001616, 0.0001183, 7.39e-05, 4.97e-05, 3.12e-05, 2.21e-05, 1.39e-05, 7.3e-06, 5e-06, 3.2e-06, 1.2e-06, 6e-07, 5e-07, 5e-07, 1e-07
0, 0, 0, 0, 0, 0, 0, 0, 0, 0, 0, 0, 0, 0, 0, 0, 0, 0, 0, 0, 0, 0, 0, 0, 0, 0, 0, 0, 0, 0, 0, 0, 0, 0, 0, 0, 0, 0, 1e-07, 0, 3e-07, 2e-07, 5e-07, 7e-07, 1.2e-06, 3.2e-06, 4.1e-06, 7.1e-06, 1.28e-05, 2.03e-05, 3.28e-05, 5.01e-05, 7.39e-05, 0.0001068, 0.0001493, 0.0002081, 0.0002957, 0.0003617, 0.0004646, 0.0005828, 0.0007096, 0.0008452, 0.0009723, 0.001087, 0.001198, 0.0012979, 0.0013561, 0.0014412, 0.0015202, 0.0015052, 0.0015458, 0.0015408, 0.0015102, 0.0014775, 0.0014216, 0.0013284, 0.0012162, 0.0010954, 0.0009658, 0.0008243, 0.0006839, 0.0005598, 0.0004507, 0.0003501, 0.0002542, 0.0001832, 0.0001346, 9.33e-05, 6.23e-05, 4.09e-05, 2.73e-05, 1.46e-05, 1.06e-05, 7.3e-06, 2.6e-06, 1.6e-06, 5e-07, 6e-07, 2e-07, 0
0, 0, 0, 0, 0, 0, 0, 0, 0, 0, 0, 0, 0, 0, 0, 0, 0, 0, 0, 0, 0, 0, 0, 0, 0, 0, 0, 0, 0, 0, 0, 0, 0, 0, 0, 0, 0, 0, 1e-07, 0, 0, 3e-07, 2e-07, 6e-07, 1e-06, 2e-06, 4.5e-06, 6.7e-06, 1.12e-05, 1.78e-05, 2.78e-05, 5.03e-05, 6.9e-05, 9.92e-05, 0.000148, 0.0001968, 0.0002697, 0.0003616, 0.0004594, 0.0005709, 0.0006917, 0.0008288, 0.0009718, 0.0011115, 0.0012148, 0.0013137, 0.0014023, 0.0014679, 0.0015422, 0.001562, 0.0015686, 0.0015687, 0.0015561, 0.0015142, 0.0014505, 0.0013849, 0.0012824, 0.0011701, 0.0010346, 0.0008898, 0.0007496, 0.0006103, 0.0004917, 0.0003838, 0.0002926, 0.0002167, 0.0001499, 0.0001072, 7.48e-05, 5.38e-05, 3.1e-05, 1.87e-05, 1.25e-05, 7.3e-06, 4.5e-06, 2.8e-06, 1.6e-06, 6e-07, 3e-07, 1e-07
0, 0, 0, 0, 0, 0, 0, 0, 0, 0, 0, 0, 0, 0, 0, 0, 0, 0, 0, 0, 0, 0, 0, 0, 0, 0, 0, 0, 0, 0, 0, 0, 0, 0, 0, 0, 0, 0, 0, 1e-07, 1e-07, 0, 4e-07, 3e-07, 1e-06, 1.8e-06, 3.2e-06, 7.5e-06, 1.04e-05, 1.57e-05, 2.89e-05, 4e-05, 6.65e-05, 8.8e-05, 0.0001296, 0.0001874, 0.0002571, 0.0003421, 0.0004428, 0.0005657, 0.0006806, 0.000821, 0.0009585, 0.0010909, 0.0012009, 0.0013277, 0.001396, 0.0014842, 0.0015735, 0.001583, 0.0015798, 0.0015754, 0.0015656, 0.0015411, 0.0014922, 0.001404, 0.0013225, 0.0011911, 0.0010788, 0.0009331, 0.0008029, 0.0006452, 0.0005248, 0.0004145, 0.0003222, 0.0002417, 0.00017, 0.0001159, 8.46e-05, 5.3e-05, 3.59e-05, 2.12e-05, 1.33e-05, 7.7e-06, 5.3e-06, 2.6e-06, 1.3e-06, 1e-06, 6e-07, 3e-07
0, 0, 0, 0, 0, 0, 0, 0, 0, 0, 0, 0, 0, 0, 0, 0, 0, 0, 0, 0, 0, 0, 0, 0, 0, 0, 0, 0, 0, 0, 0, 0, 0, 0, 0, 0, 0, 0, 0, 0, 2e-07, 0, 2e-07, 5e-07, 8e-07, 1.9e-06, 2.8e-06, 6e-06, 8.2e-06, 1.4e-05, 2.21e-05, 3.94e-05, 5.38e-05, 7.95e-05, 0.0001205, 0.0001739, 0.000228, 0.0003183, 0.0004092, 0.0005287, 0.0006503, 0.0008071, 0.0009278, 0.001046, 0.0012209, 0.001309, 0.0014268, 0.0014711, 0.0015204, 0.0015653, 0.0015894, 0.0015734, 0.0015716, 0.0015423, 0.0014831, 0.0014281, 0.0013365, 0.001229, 0.0010782, 0.0009582, 0.0008268, 0.0006934, 0.0005508, 0.0004468, 0.0003418, 0.0002586, 0.0001847, 0.000137, 9.65e-05, 6.04e-05, 4.02e-05, 2.91e-05, 1.44e-05, 8.9e-06, 5.7e-06, 2.3e-06, 2.3e-06, 8e-07, 6e-07, 3e-07
0, 0, 0, 0, 0, 0, 0, 0, 0, 0, 0, 0, 0, 0, 0, 0, 0, 0, 0, 0, 0, 0, 0, 0, 0, 0, 0, 0, 0, 0, 0, 0, 0, 0, 0, 0, 0, 0, 0, 0, 0, 0, 2e-07, 5e-07, 1.1e-06, 1.6e-06, 2.1e-06, 4.3e-06, 6.4e-06, 1.34e-05, 1.99e-05, 3.26e-05, 5.01e-05, 7.48e-05, 0.0001052, 0.0001455, 0.0002116, 0.0002909, 0.0003742, 0.0004989, 0.000632, 0.0007546, 0.0008871, 0.0010125, 0.0011452, 0.0012766, 0.0013645, 0.0014455, 0.0015398, 0.0015633, 0.0015619, 0.0015644, 0.0015409, 0.0015166, 0.0014686, 0.0014123, 0.0013108, 0.0012134, 0.0010932, 0.0009955, 0.0008569, 0.0006998, 0.0005782, 0.000464, 0.0003721, 0.0002718, 0.0002047, 0.0001405, 9.72e-05, 6.55e-05, 4.69e-05, 3.03e-05, 2e-05, 1.06e-05, 7.4e-06, 4.4e-06, 2.2e-06, 1.4e-06, 8e-07, 8e-07
0, 0, 0, 0, 0, 0, 0, 0, 0, 0, 0, 0, 0, 0, 0, 0, 0, 0, 0, 0, 0, 0, 0, 0, 0, 0, 0, 0, 0, 0, 0, 0, 0, 0, 0, 0, 0, 0, 0, 0, 0, 1e-07, 0, 4e-07, 5e-07, 1.3e-06, 1.7e-06, 3.3e-06, 6.9e-06, 1.05e-05, 1.87e-05, 2.47e-05, 4.06e-05, 5.89e-05, 9.22e-05, 0.0001363, 0.0001916, 0.0002538, 0.000336, 0.0004444, 0.0005736, 0.0006825, 0.000816, 0.0009742, 0.0010836, 0.0012245, 0.0013318, 0.0013941, 0.0014707, 0.00152, 0.0015216, 0.0015212, 0.001525, 0.0015048, 0.0014486, 0.0013875, 0.0013045, 0.0012097, 0.0010895, 0.0009738, 0.0008301, 0.0007181, 0.0005883, 0.000467, 0.0003592, 0.0002952, 0.0002087, 0.0001513, 0.000108, 7.33e-05, 4.69e-05, 2.82e-05, 1.93e-05, 1.07e-05, 7.9e-06, 3.9e-06, 3.5e-06, 1.3e-06, 1.1e-06, 1e-07
0, 0, 0, 0, 0, 0, 0, 0, 0, 0, 0, 0, 0, 0, 0, 0, 0, 0, 0, 0, 0, 0, 0, 0, 0, 0, 0, 0, 0, 0, 0, 0, 0, 0, 0, 0, 0, 0, 1e-07, 0, 0, 0, 3e-07, 0, 3e-07, 1.1e-06, 2e-06, 2.4e-06, 5.1e-06, 8e-06, 1.05e-05, 1.95e-05, 3.56e-05, 5.42e-05, 7.85e-05, 0.0001162, 0.0001649, 0.000226, 0.0002979, 0.0003874, 0.0004993, 0.0006241, 0.0007495, 0.0008746, 0.0010284, 0.0011378, 0.0012546, 0.001329, 0.001422, 0.0014657, 0.0014964, 0.0014839, 0.0014849, 0.0014603, 0.0013823, 0.0013239, 0.001251, 0.0011707, 0.001079, 0.0009353, 0.0008192, 0.0007093, 0.0005891, 0.0004801, 0.0003689, 0.0002788, 0.0002144, 0.0001557, 0.0001115, 7.58e-05, 4.89e-05, 3.48e-05, 2.22e-05, 1.25e-05, 6.9e-06, 5e-06, 2.8e-06, 1.1e-06, 9e-07, 6e-07
0, 0, 0, 0, 0, 0, 0, 0, 0, 0, 0, 0, 0, 0, 0, 0, 0, 0, 0, 0, 0, 0, 0, 0, 0, 0, 0, 0, 0, 0, 0, 0, 0, 0, 0, 0, 0, 0, 0, 0, 1e-07, 2e-07, 1e-07, 1e-07, 3e-07, 3e-07, 9e-07, 2.7e-06, 3e-06, 6.8e-06, 1.05e-05, 1.66e-05, 2.93e-05, 4.03e-05, 6.64e-05, 9.6e-05, 0.000143, 0.0001839, 0.0002581, 0.0003411, 0.0004332, 0.0005556, 0.0006694, 0.0007944, 0.0009328, 0.0010373, 0.0011738, 0.0012223, 0.0013417, 0.0013667, 0.0014088, 0.0014249, 0.0014189, 0.0013818, 0.0013392, 0.0012727, 0.0012042, 0.0011156, 0.0010183, 0.000905, 0.0007968, 0.000673, 0.0005743, 0.0004646, 0.0003615, 0.0002767, 0.0002122, 0.0001585, 0.0001063, 7.93e-05, 4.96e-05, 3.68e-05, 2.15e-05, 1.32e-05, 9.9e-06, 5.5e-06, 3e-06, 2.1e-06, 9e-07, 2e-07
0, 0, 0, 0, 0, 0, 0, 0, 0, 0, 0, 0, 0, 0, 0, 0, 0, 0, 0, 0, 0, 0, 0, 0, 0, 0, 0, 0, 0, 0, 0, 0, 0, 0, 0, 0, 0, 0, 0, 0, 1e-07, 0, 2e-07, 1e-07, 0, 6e-07, 9e-07, 2.1e-06, 2.6e-06, 6e-06, 8.5e-06, 1.41e-05, 2.21e-05, 3.62e-05, 5.37e-05, 7.61e-05, 0.0001115, 0.0001513, 0.0002118, 0.0002892, 0.0003735, 0.0004674, 0.0005848, 0.0007001, 0.000807, 0.0009246, 0.0010359, 0.0011431, 0.0012295, 0.001298, 0.0012983, 0.0013223, 0.0013143, 0.0013184, 0.0012493, 0.0012173, 0.0011378, 0.0010674, 0.0009666, 0.0008641, 0.0007536, 0.0006441, 0.0005502, 0.0004534, 0.0003652, 0.0002739, 0.0002039, 0.0001555, 0.0001172, 7.63e-05, 5.53e-05, 3.2e-05, 2.05e-05, 1.54e-05, 9.6e-06, 4.7e-06, 3.4e-06, 1.5e-06, 1e-06, 5e-07
0, 0, 0, 0, 0, 0, 0, 0, 0, 0, 0, 0, 0, 0, 0, 0, 0, 0, 0, 0, 0, 0, 0, 0, 0, 0, 0, 0, 0, 0, 0, 0, 0, 0, 0, 0, 0, 0, 0, 0, 0, 0, 0, 2e-07, 2e-07, 3e-07, 1e-06, 1.2e-06, 2e-06, 3.3e-06, 6.6e-06, 1.05e-05, 1.72e-05, 2.48e-05, 4.29e-05, 6.54e-05, 9.02e-05, 0.0001248, 0.0001661, 0.0002373, 0.0003218, 0.0004009, 0.0004977, 0.0005942, 0.0007026, 0.0008163, 0.0009102, 0.0010312, 0.0011196, 0.0011597, 0.0012139, 0.0012219, 0.0012309, 0.001212, 0.0011879, 0.0011263, 0.0010665, 0.0009748, 0.0009049, 0.0008091, 0.0007111, 0.000609, 0.0005136, 0.0004323, 0.0003439, 0.0002657, 0.0002059, 0.0001532, 0.0001124, 7.69e-05, 4.96e-05, 3.67e-05, 2.18e-05, 1.4e-05, 8.8e-06, 5.4e-06, 2.3e-06, 2.5e-06, 1.8e-06, 2e-07
0, 0, 0, 0, 0, 0, 0, 0, 0, 0, 0, 0, 0, 0, 0, 0, 0, 0, 0, 0, 0, 0, 0, 0, 0, 0, 0, 0, 0, 0, 0, 0, 0, 0, 0, 0, 0, 0, 0, 0, 0, 1e-07, 0, 0, 1e-07, 0, 6e-07, 1.1e-06, 1.5e-06, 3.1e-06, 5e-06, 6.5e-06, 1.37e-05, 1.97e-05, 3.6e-05, 4.18e-05, 6.91e-05, 9.82e-05, 0.0001406, 0.0001846, 0.0002558, 0.0003254, 0.0003999, 0.0005163, 0.0005942, 0.0007099, 0.0007902, 0.0008862, 0.0009623, 0.0010368, 0.0010711, 0.0010952, 0.001102, 0.0011072, 0.0010708, 0.0010289, 0.00095, 0.0008853, 0.0008311, 0.0007351, 0.0006495, 0.0005689, 0.0004812, 0.0003877, 0.0003116, 0.0002502, 0.0001944, 0.0001475, 0.0001087, 7.64e-05, 5.11e-05, 3.59e-05, 2.12e-05, 1.18e-05, 8.6e-06, 6.4e-06, 3.6e-06, 2.3e-06, 1.3e-06, 4e-07
0, 0, 0, 0, 0, 0, 0, 0, 0, 0, 0, 0, 0, 0, 0, 0, 0, 0, 0, 0, 0, 0, 0, 0, 0, 0, 0, 0, 0, 0, 0, 0, 0, 0, 0, 0, 0, 0, 0, 0, 0, 0, 0, 0, 2e-07, 0, 9e-07, 6e-07, 1.3e-06, 2.5e-06, 3.9e-06, 5.8e-06, 9.8e-06, 1.26e-05, 2.58e-05, 3.65e-05, 5.33e-05, 7.71e-05, 0.0001114, 0.0001514, 0.0002029, 0.0002661, 0.0003268, 0.0004106, 0.000504, 0.0005948, 0.0006655, 0.0007556, 0.0008036, 0.0008804, 0.000948, 0.0009463, 0.0009668, 0.0009584, 0.0009502, 0.0009062, 0.0008764, 0.0007913, 0.0007469, 0.0006522, 0.000589, 0.0004998, 0.0004194, 0.0003564, 0.0002834, 0.0002257, 0.0001748, 0.0001307, 9.67e-05, 7e-05, 4.77e-05, 3.3e-05, 2.19e-05, 1.65e-05, 8.3e-06, 4.8e-06, 2.8e-06, 1.9e-06, 1e-06, 6e-07
0, 0, 0, 0, 0, 0, 0, 0, 0, 0, 0, 0, 0, 0, 0, 0, 0, 0, 0, 0, 0, 0, 0, 0, 0, 0, 0, 0, 0, 0, 0, 0, 0, 0, 0, 0, 0, 0, 0, 0, 0, 0, 0, 0, 1e-07, 2e-07, 3e-07, 6e-07, 1.1e-06, 1.1e-06, 1.1e-06, 4.5e-06, 5.8e-06, 1.14e-05, 1.66e-05, 2.57e-05, 3.99e-05, 6.26e-05, 8.41e-05, 0.0001142, 0.0001577, 0.0002018, 0.000259, 0.0003296, 0.0003913, 0.0004853, 0.0005444, 0.0006246, 0.0006901, 0.0007724, 0.0007999, 0.0008086, 0.0008504, 0.0008229, 0.0008249, 0.0008015, 0.0007372, 0.0007113, 0.0006463, 0.0005865, 0.0005114, 0.0004469, 0.0003762, 0.0003145, 0.0002566, 0.0002081, 0.0001575, 0.0001154, 8.37e-05, 6.13e-05, 4.44e-05, 2.8e-05, 1.67e-05, 1.27e-05, 8e-06, 5e-06, 2.4e-06, 2.2e-06, 1.5e-06, 6e-07
0, 0, 0, 0, 0, 0, 0, 0, 0, 0, 0, 0, 0, 0, 0, 0, 0, 0, 0, 0, 0, 0, 0, 0, 0, 0, 0, 0, 0, 0, 0, 0, 0, 0, 0, 0, 0, 0, 0, 0, 0, 0, 1e-07, 0, 1e-07, 0, 0, 2e-07, 7e-07, 8e-07, 1.3e-06, 2.6e-06, 5.1e-06, 8.9e-06, 1.29e-05, 2.2e-05, 2.9e-05, 4.44e-05, 5.95e-05, 8.31e-05, 0.0001099, 0.0001527, 0.0001969, 0.0002453, 0.000314, 0.0003706, 0.0004507, 0.0004961, 0.000563, 0.0006254, 0.0006728, 0.0006887, 0.0007009, 0.0007078, 0.000709, 0.0006837, 0.0006403, 0.0006032, 0.0005465, 0.0005045, 0.0004482, 0.0003941, 0.0003259, 0.0002709, 0.0002262, 0.0001765, 0.0001397, 0.0001041, 7.9e-05, 5.5e-05, 3.96e-05, 2.82e-05, 1.72e-05, 1.14e-05, 6.6e-06, 5.1e-06, 2.8e-06, 1.7e-06, 1.2e-06, 6e-07
0, 0, 0, 0, 0, 0, 0, 0, 0, 0, 0, 0, 0, 0, 0, 0, 0, 0, 0, 0, 0, 0, 0, 0, 0, 0, 0, 0, 0, 0, 0, 0, 0, 0, 0, 0, 0, 0, 0, 0, 0, 0, 0, 0, 0, 0, 2e-07, 3e-07, 5e-07, 2e-07, 8e-07, 1.9e-06, 2.7e-06, 5e-06, 9.2e-06, 1.45e-05, 1.98e-05, 3.17e-05, 4.46e-05, 5.94e-05, 8.41e-05, 0.0001121, 0.0001446, 0.0001867, 0.0002329, 0.0002795, 0.0003406, 0.0003819, 0.0004347, 0.0004937, 0.0005336, 0.000556, 0.0005869, 0.0005689, 0.0006016, 0.0005721, 0.0005459, 0.000514, 0.0004702, 0.0004384, 0.0003813, 0.0003194, 0.0002813, 0.0002298, 0.0001916, 0.0001579, 0.0001185, 9.2e-05, 6.25e-05, 4.93e-05, 3.41e-05, 2.39e-05, 1.69e-05, 1.02e-05, 6.4e-06, 4e-06, 2.3e-06, 1.3e-06, 4e-07, 7e-07
0, 0, 0, 0, 0, 0, 0, 0, 0, 0, 0, 0, 0, 0, 0, 0, 0, 0, 0, 0, 0, 0, 0, 0, 0, 0, 0, 0, 0, 0, 0, 0, 0, 0, 0, 0, 0, 0, 0, 0, 0, 0, 0, 0, 1e-07, 0, 1e-07, 1e-07, 6e-07, 4e-07, 2e-07, 1.6e-06, 2.6e-06, 4.1e-06, 5.1e-06, 9.2e-06, 1.28e-05, 1.67e-05, 3.28e-05, 4.2e-05, 6.07e-05, 8.7e-05, 0.0001123, 0.0001326, 0.0001764, 0.000213, 0.0002581, 0.0003024, 0.0003398, 0.0003802, 0.0004192, 0.0004396, 0.0004597, 0.0004739, 0.0004705, 0.0004729, 0.0004423, 0.0004182, 0.000386, 0.0003575, 0.0003132, 0.0002809, 0.0002307, 0.000199, 0.0001659, 0.0001282, 0.0001057, 8.18e-05, 5.97e-05, 3.96e-05, 2.98e-05, 2.04e-05, 1.38e-05, 1.03e-05, 6.7e-06, 4.6e-06, 2.1e-06, 1.8e-06, 4e-07, 5e-07
0, 0, 0, 0, 0, 0, 0, 0, 0, 0, 0, 0, 0, 0, 0, 0, 0, 0, 0, 0, 0, 0, 0, 0, 0, 0, 0, 0, 0, 0, 0, 0, 0, 0, 0, 0, 0, 0, 0, 0, 0, 0, 0, 0, 0, 0, 1e-07, 1e-07, 0, 2e-07, 4e-07, 9e-07, 1.7e-06, 2.5e-06, 4.1e-06, 5e-06, 9.2e-06, 1.32e-05, 2.56e-05, 3.16e-05, 4.27e-05, 6.08e-05, 7.54e-05, 0.0001056, 0.0001259, 0.0001572, 0.0001939, 0.0002175, 0.0002678, 0.0002863, 0.0003218, 0.0003414, 0.000362, 0.0003706, 0.0003662, 0.0003619, 0.0003416, 0.0003352, 0.0003125, 0.0002894, 0.0002497, 0.0002293, 0.0001939, 0.0001659, 0.000127, 0.000108, 8.25e-05, 6.11e-05, 4.58e-05, 3.32e-05, 2.53e-05, 1.6e-05, 1.29e-05, 7.4e-06, 5e-06, 4.9e-06, 2.2e-06, 1.1e-06, 9e-07, 2e-07
0, 0, 0, 0, 0, 0, 0, 0, 0, 0, 0, 0, 0, 0, 0, 0, 0, 0, 0, 0, 0, 0, 0, 0, 0, 0, 0, 0, 0, 0, 0, 0, 0, 0, 0, 0, 0, 0, 0, 0, 0, 0, 0, 0, 1e-07, 0, 1e-07, 1e-07, 0, 1e-07, 4e-07, 7e-07, 9e-07, 9e-07, 2.1e-06, 4.8e-06, 6.1e-06, 8.6e-06, 1.44e-05, 2.09e-05, 2.98e-05, 3.73e-05, 5.24e-05, 6.96e-05, 9.03e-05, 0.0001108, 0.000137, 0.0001646, 0.0001882, 0.0002204, 0.000236, 0.0002495, 0.0002864, 0.000283, 0.0002955, 0.0002789, 0.0002754, 0.000263, 0.0002387, 0.0002318, 0.0002011, 0.000186, 0.0001548, 0.0001281, 0.0001105, 8.23e-05, 7.12e-05, 5.09e-05, 4.23e-05, 3.27e-05, 1.91e-05, 1.61e-05, 9.2e-06, 5.2e-06, 2.8e-06, 2.7e-06, 2.4e-06, 1.1e-06, 8e-07, 4e-07
0, 0, 0, 0, 0, 0, 0, 0, 0, 0, 0, 0, 0, 0, 0, 0, 0, 0, 0, 0, 0, 0, 0, 0, 0, 0, 0, 0, 0, 0, 0, 0, 0, 0, 0, 0, 0, 0, 0, 0, 0, 0, 0, 0, 0, 1e-07, 0, 1e-07, 1e-07, 3e-07, 1e-07, 5e-07, 4e-07, 9e-07, 1.4e-06, 3.2e-06, 3.1e-06, 5.5e-06, 9.3e-06, 1.26e-05, 2.19e-05, 2.49e-05, 3.79e-05, 4.97e-05, 6.47e-05, 7.59e-05, 9.73e-05, 0.0001177, 0.0001311, 0.0001542, 0.000176, 0.0001873, 0.0001973, 0.0002065, 0.0002101, 0.0002158, 0.0002111, 0.0002105, 0.000188, 0.0001781, 0.000158, 0.0001384, 0.0001217, 0.0001033, 8.4e-05, 6.96e-05, 5.34e-05, 4.16e-05, 2.99e-05, 2.27e-05, 1.77e-05, 1.1e-05, 7.6e-06, 4.9e-06, 3.7e-06, 2.1e-06, 1.4e-06, 7e-07, 8e-07, 4e-07
0, 0, 0, 0, 0, 0, 0, 0, 0, 0, 0, 0, 0, 0, 0, 0, 0, 0, 0, 0, 0, 0, 0, 0, 0, 0, 0, 0, 0, 0, 0, 0, 0, 0, 0, 0, 0, 0, 0, 0, 0, 0, 0, 0, 0, 0, 1e-07, 0, 0, 0, 1e-07, 4e-07, 6e-07, 8e-07, 1.1e-06, 2e-06, 3.1e-06, 3.7e-06, 7.4e-06, 8.5e-06, 1.17e-05, 1.64e-05, 2.25e-05, 3.52e-05, 4.53e-05, 5.23e-05, 6.76e-05, 8.27e-05, 9.33e-05, 0.000103, 0.00012, 0.0001389, 0.0001434, 0.0001544, 0.0001577, 0.0001589, 0.0001536, 0.0001441, 0.0001433, 0.0001336, 0.0001162, 0.0001048, 9.08e-05, 7.79e-05, 6.79e-05, 5.24e-05, 4.33e-05, 3.25e-05, 2.64e-05, 1.73e-05, 1.47e-05, 9.3e-06, 6.7e-06, 4.5e-06, 3.6e-06, 1.6e-06, 1.1e-06, 8e-07, 6e-07, 1e-07
0, 0, 0, 0, 0, 0, 0, 0, 0, 0, 0, 0, 0, 0, 0, 0, 0, 0, 0, 0, 0, 0, 0, 0, 0, 0, 0, 0, 0, 0, 0, 0, 0, 0, 0, 0, 0, 0, 0, 0, 0, 0, 0, 0, 0, 0, 0, 0, 0, 0, 0, 1e-07, 1e-07, 2e-07, 7e-07, 7e-07, 1.1e-06, 2.9e-06, 4.1e-06, 6.6e-06, 7.6e-06, 1.1e-05, 1.36e-05, 2.12e-05, 2.68e-05, 3.3e-05, 4.5e-05, 5.19e-05, 6.19e-05, 7e-05, 8.61e-05, 8.98e-05, 0.0001001, 0.0001057, 0.0001106, 0.0001071, 0.0001111, 0.000103, 0.0001052, 9.3e-05, 8.43e-05, 8.02e-05, 6.56e-05, 5.91e-05, 4.82e-05, 4e-05, 2.9e-05, 2.74e-05, 1.95e-05, 1.4e-05, 9.5e-06, 6.2e-06, 5.1e-06, 2.8e-06, 2.3e-06, 1e-06, 1e-06, 5e-07, 4e-07, 0
0, 0, 0, 0, 0, 0, 0, 0, 0, 0, 0, 0, 0, 0, 0, 0, 0, 0, 0, 0, 0, 0, 0, 0, 0, 0, 0, 0, 0, 0, 0, 0, 0, 0, 0, 0, 0, 0, 0, 0, 0, 0, 0, 0, 0, 0, 0, 0, 0, 0, 0, 0, 1e-07, 1e-07, 2e-07, 4e-07, 8e-07, 8e-07, 2.7e-06, 3.5e-06, 4.3e-06, 8.2e-06, 7.5e-06, 1.25e-05, 1.83e-05, 2.16e-05, 2.83e-05, 3.32e-05, 3.85e-05, 5.3e-05, 5.56e-05, 6.23e-05, 6.52e-05, 7.15e-05, 7.75e-05, 7.82e-05, 7.24e-05, 7.47e-05, 7.39e-05, 6.96e-05, 6.09e-05, 5.16e-05, 4.71e-05, 4.13e-05, 3.49e-05, 2.9e-05, 2.17e-05, 1.9e-05, 1.53e-05, 9.2e-06, 8.3e-06, 6.1e-06, 4.7e-06, 2.4e-06, 1.4e-06, 8e-07, 3e-07, 5e-07, 0, 2e-07
0, 0, 0, 0, 0, 0, 0, 0, 0, 0, 0, 0, 0, 0, 0, 0, 0, 0, 0, 0, 0, 0, 0, 0, 0, 0, 0, 0, 0, 0, 0, 0, 0, 0, 0, 0, 0, 0, 0, 0, 0, 0, 0, 0, 0, 0, 0, 0, 0, 0, 1e-07, 0, 2e-07, 0, 2e-07, 3e-07, 6e-07, 7e-07, 1.2e-06, 1.4e-06, 2.3e-06, 4.4e-06, 5.6e-06, 7.3e-06, 1.05e-05, 1.38e-05, 1.76e-05, 1.96e-05, 2.64e-05, 2.78e-05, 3.62e-05, 4.3e-05, 4.66e-05, 4.58e-05, 5.03e-05, 5.2e-05, 5.5e-05, 4.81e-05, 5.06e-05, 4.58e-05, 4.59e-05, 3.98e-05, 3.16e-05, 2.69e-05, 2.48e-05, 2.06e-05, 1.54e-05, 1.44e-05, 1.26e-05, 8.2e-06, 6e-06, 5e-06, 4e-06, 1.5e-06, 9e-07, 5e-07, 5e-07, 1e-07, 2e-07, 4e-07
0, 0, 0, 0, 0, 0, 0, 0, 0, 0, 0, 0, 0, 0, 0, 0, 0, 0, 0, 0, 0, 0, 0, 0, 0, 0, 0, 0, 0, 0, 0, 0, 0, 0, 0, 0, 0, 0, 0, 0, 0, 0, 0, 0, 0, 0, 0, 0, 0, 0, 0, 0, 0, 0, 1e-07, 1e-07, 7e-07, 6e-07, 9e-07, 1.1e-06, 1.9e-06, 2.7e-06, 3.5e-06, 4.2e-06, 6.8e-06, 9.5e-06, 1.14e-05, 1.17e-05, 1.98e-05, 1.76e-05, 2.41e-05, 2.45e-05, 3.13e-05, 3.13e-05, 3.51e-05, 3.26e-05, 3.61e-05, 3.7e-05, 3.41e-05, 3.09e-05, 3.05e-05, 2.8e-05, 2.48e-05, 1.83e-05, 1.95e-05, 1.54e-05, 1.23e-05, 1.04e-05, 6.7e-06, 6.5e-06, 3.9e-06, 3.3e-06, 1.8e-06, 2e-06, 1.1e-06, 7e-07, 3e-07, 4e-07, 2e-07, 1e-07
0, 0, 0, 0, 0, 0, 0, 0, 0, 0, 0, 0, 0, 0, 0, 0, 0, 0, 0, 0, 0, 0, 0, 0, 0, 0, 0, 0, 0, 0, 0, 0, 0, 0, 0, 0, 0, 0, 0, 0, 0, 0, 0, 0, 0, 0, 0, 0, 0, 0, 1e-07, 0, 0, 0, 1e-07, 1e-07, 4e-07, 4e-07, 3e-07, 5e-07, 9e-07, 1.6e-06, 2.5e-06, 3.4e-06, 4.8e-06, 5.3e-06, 7.6e-06, 7.9e-06, 9.8e-06, 1.21e-05, 1.56e-05, 1.69e-05, 2.28e-05, 1.85e-05, 2.22e-05, 1.88e-05, 2.13e-05, 2.37e-05, 2.34e-05, 2.18e-05, 1.9e-05, 1.92e-05, 1.83e-05, 1.45e-05, 1.23e-05, 8.3e-06, 8.4e-06, 6.6e-06, 6.7e-06, 5e-06, 3.4e-06, 1.7e-06, 1.4e-06, 1.5e-06, 8e-07, 5e-07, 2e-07, 1e-07, 1e-07, 1e-07
0, 0, 0, 0, 0, 0, 0, 0, 0, 0, 0, 0, 0, 0, 0, 0, 0, 0, 0, 0, 0, 0, 0, 0, 0, 0, 0, 0, 0, 0, 0, 0, 0, 0, 0, 0, 0, 0, 0, 0, 0, 0, 0, 0, 0, 0, 0, 0, 0, 0, 0, 0, 0, 0, 0, 0, 1e-07, 4e-07, 3e-07, 3e-07, 3e-07, 4e-07, 1.4e-06, 1.6e-06, 1.4e-06, 3e-06, 3.8e-06, 4.9e-06, 4.5e-06, 7.4e-06, 8.5e-06, 8.3e-06, 1.17e-05, 1.09e-05, 1.38e-05, 1.47e-05, 1.36e-05, 1.54e-05, 1.34e-05, 1.33e-05, 1.37e-05, 1e-05, 9.9e-06, 7.9e-06, 1.04e-05, 6.5e-06, 4.8e-06, 4.5e-06, 3.6e-06, 2e-06, 2.7e-06, 1.4e-06, 9e-07, 8e-07, 3e-07, 5e-07, 2e-07, 1e-07, 0, 1e-07
0, 0, 0, 0, 0, 0, 0, 0, 0, 0, 0, 0, 0, 0, 0, 0, 0, 0, 0, 0, 0, 0, 0, 0, 0, 0, 0, 0, 0, 0, 0, 0, 0, 0, 0, 0, 0, 0, 0, 0, 0, 0, 0, 0, 0, 0, 0, 0, 0, 0, 0, 0, 0, 0, 1e-07, 0, 0, 3e-07, 1e-07, 1e-07, 0, 5e-07, 7e-07, 1.4e-06, 2e-07, 1.7e-06, 1.9e-06, 3.4e-06, 3.1e-06, 5.2e-06, 4.7e-06, 5.4e-06, 6.2e-06, 7.5e-06, 9.3e-06, 8.5e-06, 1.11e-05, 1.02e-05, 7.4e-06, 1.01e-05, 9.2e-06, 5.1e-06, 6.3e-06, 6.9e-06, 5.3e-06, 4.1e-06, 3.2e-06, 2.9e-06, 2.5e-06, 1.1e-06, 2.1e-06, 6e-07, 8e-07, 7e-07, 2e-07, 2e-07, 3e-07, 4e-07, 2e-07, 0
0, 0, 0, 0, 0, 0, 0, 0, 0, 0, 0, 0, 0, 0, 0, 0, 0, 0, 0, 0, 0, 0, 0, 0, 0, 0, 0, 0, 0, 0, 0, 0, 0, 0, 0, 0, 0, 0, 0, 0, 0, 0, 0, 0, 0, 0, 0, 0, 0, 0, 0, 0, 0, 0, 1e-07, 0, 0, 1e-07, 2e-07, 3e-07, 1e-07, 2e-07, 4e-07, 6e-07, 7e-07, 5e-07, 1.6e-06, 1.4e-06, 2.2e-06, 2.4e-06, 2.6e-06, 4e-06, 4.3e-06, 4.1e-06, 3.7e-06, 5.4e-06, 3.4e-06, 5e-06, 5.3e-06, 4.9e-06, 5.4e-06, 4.6e-06, 4.9e-06, 4.6e-06, 2.6e-06, 2.4e-06, 2.8e-06, 1.6e-06, 1.4e-06, 8e-07, 3e-07, 7e-07, 2e-07, 3e-07, 2e-07, 2e-07, 2e-07, 2e-07, 0, 0
0, 0, 0, 0, 0, 0, 0, 0, 0, 0, 0, 0, 0, 0, 0, 0, 0, 0, 0, 0, 0, 0, 0, 0, 0, 0, 0, 0, 0, 0, 0, 0, 0, 0, 0, 0, 0, 0, 0, 0, 0, 0, 0, 0, 0, 0, 0, 0, 0, 0, 0, 0, 0, 0, 0, 0, 0, 0, 0, 0, 0, 3e-07, 1e-07, 3e-07, 4e-07, 3e-07, 8e-07, 7e-07, 9e-07, 8e-07, 1.8e-06, 1.2e-06, 3e-06, 1.9e-06, 2.9e-06, 2.5e-06, 3.4e-06, 2.9e-06, 2.9e-06, 2.9e-06, 3.1e-06, 2.8e-06, 3.7e-06, 1.6e-06, 1.8e-06, 1.9e-06, 9e-07, 1e-06, 1.5e-06, 1e-06, 7e-07, 1e-06, 1e-07, 1e-07, 2e-07, 0, 0, 1e-07, 1e-07, 0
0, 0, 0, 0, 0, 0, 0, 0, 0, 0, 0, 0, 0, 0, 0, 0, 0, 0, 0, 0, 0, 0, 0, 0, 0, 0, 0, 0, 0, 0, 0, 0, 0, 0, 0, 0, 0, 0, 0, 0, 0, 0, 0, 0, 0, 0, 0, 0, 0, 0, 0, 0, 0, 0, 0, 0, 0, 0, 0, 1e-07, 0, 3e-07, 1e-07, 2e-07, 0, 4e-07, 6e-07, 5e-07, 7e-07, 1.1e-06, 9e-07, 1e-06, 1e-06, 9e-07, 1.1e-06, 1.7e-06, 1e-06, 2.2e-06, 1.7e-06, 1.1e-06, 1.9e-06, 1.7e-06, 1.5e-06, 1.4e-06, 6e-07, 1.2e-06, 5e-07, 6e-07, 9e-07, 3e-07, 5e-07, 2e-07, 0, 1e-07, 0, 1e-07, 0, 0, 1e-07, 0
0, 0, 0, 0, 0, 0, 0, 0, 0, 0, 0, 0, 0, 0, 0, 0, 0, 0, 0, 0, 0, 0, 0, 0, 0, 0, 0, 0, 0, 0, 0, 0, 0, 0, 0, 0, 0, 0, 0, 0, 0, 0, 0, 0, 0, 0, 0, 0, 0, 0, 0, 0, 0, 0, 0, 0, 0, 0, 0, 0, 0, 0, 1e-07, 0, 2e-07, 0, 2e-07, 0, 2e-07, 4e-07, 2e-07, 6e-07, 1.1e-06, 7e-07, 8e-07, 1.1e-06, 1.2e-06, 1.2e-06, 1e-06, 1.4e-06, 1.1e-06, 1.4e-06, 9e-07, 1e-06, 7e-07, 8e-07, 4e-07, 6e-07, 4e-07, 1e-07, 1e-07, 2e-07, 1e-07, 1e-07, 1e-07, 1e-07, 0, 0, 0, 0
0, 0, 0, 0, 0, 0, 0, 0, 0, 0, 0, 0, 0, 0, 0, 0, 0, 0, 0, 0, 0, 0, 0, 0, 0, 0, 0, 0, 0, 0, 0, 0, 0, 0, 0, 0, 0, 0, 0, 0, 0, 0, 0, 0, 0, 0, 0, 0, 0, 0, 0, 0, 0, 0, 0, 0, 0, 0, 0, 0, 0, 0, 0, 0, 1e-07, 1e-07, 0, 1e-07, 1e-07, 2e-07, 3e-07, 5e-07, 4e-07, 3e-07, 3e-07, 5e-07, 1.1e-06, 7e-07, 5e-07, 3e-07, 6e-07, 5e-07, 2e-07, 4e-07, 4e-07, 5e-07, 4e-07, 4e-07, 1e-07, 4e-07, 3e-07, 1e-07, 0, 0, 0, 1e-07, 0, 0, 0, 0
0, 0, 0, 0, 0, 0, 0, 0, 0, 0, 0, 0, 0, 0, 0, 0, 0, 0, 0, 0, 0, 0, 0, 0, 0, 0, 0, 0, 0, 0, 0, 0, 0, 0, 0, 0, 0, 0, 0, 0, 0, 0, 0, 0, 0, 0, 0, 0, 0, 0, 0, 0, 0, 0, 0, 0, 0, 0, 0, 0, 0, 0, 0, 0, 0, 0, 1e-07, 0, 3e-07, 1e-07, 0, 2e-07, 0, 0, 2e-07, 4e-07, 4e-07, 1e-07, 1e-07, 4e-07, 4e-07, 1e-07, 3e-07, 4e-07, 1e-07, 3e-07, 1e-07, 0, 1e-07, 1e-07, 2e-07, 1e-07, 1e-07, 0, 0, 0, 0, 0, 0, 1e-07
0, 0, 0, 0, 0, 0, 0, 0, 0, 0, 0, 0, 0, 0, 0, 0, 0, 0, 0, 0, 0, 0, 0, 0, 0, 0, 0, 0, 0, 0, 0, 0, 0, 0, 0, 0, 0, 0, 0, 0, 0, 0, 0, 0, 0, 0, 0, 0, 0, 0, 0, 0, 0, 0, 0, 0, 0, 0, 0, 0, 0, 0, 0, 0, 0, 0, 0, 0, 1e-07, 1e-07, 1e-07, 1e-07, 0, 2e-07, 0, 0, 1e-07, 2e-07, 0, 1e-07, 0, 0, 0, 1e-07, 0, 2e-07, 0, 0, 0, 0, 0, 0, 0, 1e-07, 0, 0, 0, 0, 0, 0
0, 0, 0, 0, 0, 0, 0, 0, 0, 0, 0, 0, 0, 0, 0, 0, 0, 0, 0, 0, 0, 0, 0, 0, 0, 0, 0, 0, 0, 0, 0, 0, 0, 0, 0, 0, 0, 0, 0, 0, 0, 0, 0, 0, 0, 0, 0, 0, 0, 0, 0, 0, 0, 0, 0, 0, 0, 0, 0, 0, 0, 0, 0, 0, 0, 0, 0, 0, 0, 0, 0, 0, 0, 0, 0, 1e-07, 1e-07, 0, 0, 1e-07, 0, 0, 2e-07, 0, 1e-07, 0, 0, 1e-07, 1e-07, 0, 0, 0, 0, 0, 0, 0, 0, 0, 0, 0
0, 0, 0, 0, 0, 0, 0, 0, 0, 0, 0, 0, 0, 0, 0, 0, 0, 0, 0, 0, 0, 0, 0, 0, 0, 0, 0, 0, 0, 0, 0, 0, 0, 0, 0, 0, 0, 0, 0, 0, 0, 0, 0, 0, 0, 0, 0, 0, 0, 0, 0, 0, 0, 0, 0, 0, 0, 0, 0, 0, 0, 0, 0, 0, 0, 0, 0, 0, 0, 0, 0, 0, 0, 0, 0, 0, 0, 0, 0, 0, 0, 1e-07, 2e-07, 1e-07, 1e-07, 0, 0, 0, 0, 0, 0, 0, 0, 0, 0, 0, 0, 0, 0, 0
0, 0, 0, 0, 0, 0, 0, 0, 0, 0, 0, 0, 0, 0, 0, 0, 0, 0, 0, 0, 0, 0, 0, 0, 0, 0, 0, 0, 0, 0, 0, 0, 0, 0, 0, 0, 0, 0, 0, 0, 0, 0, 0, 0, 0, 0, 0, 0, 0, 0, 0, 0, 0, 0, 0, 0, 0, 0, 0, 0, 0, 0, 0, 0, 0, 0, 0, 0, 0, 0, 0, 0, 0, 0, 0, 0, 0, 0, 1e-07, 0, 0, 0, 0, 0, 1e-07, 0, 0, 0, 0, 0, 0, 0, 0, 0, 0, 0, 0, 0, 0, 0
0, 0, 0, 0, 0, 0, 0, 0, 0, 0, 0, 0, 0, 0, 0, 0, 0, 0, 0, 0, 0, 0, 0, 0, 0, 0, 0, 0, 0, 0, 0, 0, 0, 0, 0, 0, 0, 0, 0, 0, 0, 0, 0, 0, 0, 0, 0, 0, 0, 0, 0, 0, 0, 0, 0, 0, 0, 0, 0, 0, 0, 0, 0, 0, 0, 0, 0, 0, 0, 0, 0, 0, 0, 0, 0, 0, 0, 0, 0, 0, 0, 0, 0, 0, 0, 0, 0, 1e-07, 0, 0, 0, 0, 0, 0, 0, 0, 0, 0, 0, 0
0, 0, 0, 0, 0, 0, 0, 0, 0, 0, 0, 0, 0, 0, 0, 0, 0, 0, 0, 0, 0, 0, 0, 0, 0, 0, 0, 0, 0, 0, 0, 0, 0, 0, 0, 0, 0, 0, 0, 0, 0, 0, 0, 0, 0, 0, 0, 0, 0, 0, 0, 0, 0, 0, 0, 0, 0, 0, 0, 0, 0, 0, 0, 0, 0, 0, 0, 0, 0, 0, 0, 0, 0, 0, 0, 0, 0, 0, 0, 0, 0, 0, 0, 0, 0, 0, 0, 1e-07, 0, 0, 0, 0, 0, 0, 0, 0, 0, 0, 0, 0
0, 0, 0, 0, 0, 0, 0, 0, 0, 0, 0, 0, 0, 0, 0, 0, 0, 0, 0, 0, 0, 0, 0, 0, 0, 0, 0, 0, 0, 0, 0, 0, 0, 0, 0, 0, 0, 0, 0, 0, 0, 0, 0, 0, 0, 0, 0, 0, 0, 0, 0, 0, 0, 0, 0, 0, 0, 0, 0, 0, 0, 0, 0, 0, 0, 0, 0, 0, 0, 0, 0, 0, 0, 0, 0, 0, 0, 0, 0, 0, 0, 0, 0, 0, 0, 0, 0, 0, 0, 0, 0, 0, 0, 0, 0, 0, 0, 0, 0, 0
0, 0, 0, 0, 0, 0, 0, 0, 0, 0, 0, 0, 0, 0, 0, 0, 0, 0, 0, 0, 0, 0, 0, 0, 0, 0, 0, 0, 0, 0, 0, 0, 0, 0, 0, 0, 0, 0, 0, 0, 0, 0, 0, 0, 0, 0, 0, 0, 0, 0, 0, 0, 0, 0, 0, 0, 0, 0, 0, 0, 0, 0, 0, 0, 0, 0, 0, 0, 0, 0, 0, 0, 0, 0, 0, 0, 0, 0, 0, 0, 0, 0, 0, 0, 0, 0, 0, 0, 0, 0, 0, 0, 0, 0, 0, 0, 0, 0, 0, 0
0, 0, 0, 0, 0, 0, 0, 0, 0, 0, 0, 0, 0, 0, 0, 0, 0, 0, 0, 0, 0, 0, 0, 0, 0, 0, 0, 0, 0, 0, 0, 0, 0, 0, 0, 0, 0, 0, 0, 0, 0, 0, 0, 0, 0, 0, 0, 0, 0, 0, 0, 0, 0, 0, 0, 0, 0, 0, 0, 0, 0, 0, 0, 0, 0, 0, 0, 0, 0, 0, 0, 0, 0, 0, 0, 0, 0, 0, 0, 0, 0, 0, 0, 0, 0, 0, 0, 0, 0, 0, 0, 0, 0, 0, 0, 0, 0, 0, 0, 0
