0, 0, 0, 0, 0, 0, 0, 0, 0, 0, 0, 0, 0, 0, 0, 0, 0, 0, 0, 0, 0, 0, 0, 0, 0, 0, 0, 0, 0, 0, 0, 0, 0, 0, 0, 0, 0, 0, 0, 0, 0, 0, 0, 0, 0, 0, 0, 0, 0, 0, 0, 0, 0, 0, 0, 0, 0, 0, 0, 0, 0, 0, 0, 0, 0, 0, 0, 0, 0, 0, 0, 0, 0, 0, 0, 0, 0, 0, 0, 0, 0, 0, 0, 0, 0, 0, 0, 0, 0, 0, 0, 0, 0, 0, 0, 0, 0, 0, 0, 0
0, 0, 0, 0, 0, 0, 0, 0, 0, 0, 0, 0, 0, 0, 0, 0, 0, 0, 0, 0, 0, 0, 0, 0, 0, 0, 0, 0, 0, 0, 0, 0, 0, 0, 0, 0, 0, 0, 0, 0, 0, 0, 0, 0, 0, 0, 0, 0, 0, 0, 0, 0, 0, 0, 0, 0, 0, 0, 0, 0, 0, 0, 0, 0, 0, 0, 0, 0, 0, 0, 0, 0, 0, 0, 0, 0, 0, 0, 0, 0, 0, 0, 0, 0, 0, 0, 0, 0, 0, 0, 0, 0, 0, 0, 0, 0, 0, 0, 0, 0
0, 0, 0, 0, 0, 0, 0, 0, 0, 0, 0, 0, 0, 0, 0, 0, 0, 0, 0, 0, 0, 0, 0, 0, 0, 0, 0, 0, 0, 0, 0, 0, 0, 0, 0, 0, 0, 0, 0, 0, 0, 0, 0, 0, 0, 0, 0, 0, 0, 0, 0, 0, 0, 0, 0, 0, 0, 0, 0, 0, 0, 0, 0, 0, 0, 0, 0, 0, 0, 0, 0, 0, 0, 0, 0, 0, 0, 0, 0, 0, 0, 0, 0, 0, 0, 0, 0, 0, 0, 0, 0, 0, 0, 0, 0, 0, 0, 0, 0, 0
0, 0, 0, 0, 0, 0, 0, 0, 0, 0, 0, 0, 0, 0, 0, 0, 0, 0, 0, 0, 0, 0, 0, 0, 0, 0, 0, 0, 0, 0, 0, 0, 0, 0, 0, 0, 0, 0, 0, 0, 0, 0, 0, 0, 0, 0, 0, 0, 0, 0, 0, 0, 0, 0, 0, 0, 0, 0, 0, 0, 0, 0, 0, 0, 0, 0, 0, 0, 0, 0, 0, 0, 0, 0, 0, 0, 0, 0, 0, 0, 0, 0, 0, 0, 0, 0, 0, 0, 0, 0, 0, 0, 0, 0, 0, 0, 0, 0, 0, 0
0, 0, 0, 0, 0, 0, 0, 0, 0, 0, 0, 0, 0, 0, 0, 0, 0, 0, 0, 0, 0, 0, 0, 0, 0, 0, 0, 0, 0, 0, 0, 0, 0, 0, 0, 0, 0, 0, 0, 0, 0, 0, 0, 0, 0, 0, 0, 0, 0, 0, 0, 0, 0, 0, 0, 0, 0, 0, 0, 0, 0, 0, 0, 0, 0, 0, 0, 0, 0, 0, 0, 0, 0, 0, 0, 0, 0, 0, 0, 0, 0, 0, 0, 0, 0, 0, 0, 0, 0, 0, 0, 0, 0, 0, 0, 0, 0, 0, 0, 0
0, 0, 0, 0, 0, 0, 0, 0, 0, 0, 0, 0, 0, 0, 0, 0, 0, 0, 0, 0, 0, 0, 0, 0, 0, 0, 0, 0, 0, 0, 0, 0, 0, 0, 0, 0, 0, 0, 0, 0, 0, 0, 0, 0, 0, 0, 0, 0, 0, 0, 0, 0, 0, 0, 0, 0, 0, 0, 0, 0, 0, 0, 0, 0, 0, 0, 0, 0, 0, 0, 0, 0, 0, 0, 0, 0, 0, 0, 0, 0, 0, 0, 0, 0, 0, 0, 0, 0, 0, 0, 0, 0, 0, 0, 0, 0, 0, 0, 0, 0
0, 0, 0, 0, 0, 0, 0, 0, 0, 0, 0, 0, 0, 0, 0, 0, 0, 0, 0, 0, 0, 0, 0, 0, 0, 0, 0, 0, 0, 0, 0, 0, 0, 0, 0, 0, 0, 0, 0, 0, 0, 0, 0, 0, 0, 0, 0, 0, 0, 0, 0, 0, 0, 0, 0, 0, 0, 0, 0, 0, 0, 0, 0, 0, 0, 0, 0, 0, 0, 0, 0, 0, 0, 0, 0, 0, 0, 0, 0, 0, 0, 0, 0, 0, 0, 0, 0, 0, 0, 0, 0, 0, 0, 0, 0, 0, 0, 0, 0, 0
0, 0, 0, 0, 0, 0, 0, 0, 0, 0, 0, 0, 0, 0, 0, 0, 0, 0, 0, 0, 0, 0, 0, 0, 0, 0, 0, 0, 0, 0, 0, 0, 0, 0, 0, 0, 0, 0, 0, 0, 0, 0, 0, 0, 0, 0, 0, 0, 0, 0, 0, 0, 0, 0, 0, 0, 0, 0, 0, 0, 0, 0, 0, 0, 0, 0, 0, 0, 0, 0, 0, 0, 0, 0, 0, 0, 0, 0, 0, 0, 0, 0, 0, 0, 0, 0, 0, 0, 0, 0, 0, 0, 0, 0, 0, 0, 0, 0, 0, 0
0, 0, 0, 0, 0, 0, 0, 0, 0, 0, 0, 0, 0, 0, 0, 0, 0, 0, 0, 0, 0, 0, 0, 0, 0, 0, 0, 0, 0, 0, 0, 0, 0, 0, 0, 0, 0, 0, 0, 0, 0, 0, 0, 0, 0, 0, 0, 0, 0, 0, 0, 0, 0, 0, 0, 0, 0, 0, 0, 0, 0, 0, 0, 0, 0, 0, 0, 0, 0, 0, 0, 0, 0, 0, 0, 0, 0, 0, 0, 0, 0, 0, 0, 0, 0, 0, 0, 0, 0, 0, 0, 0, 0, 0, 0, 0, 0, 0, 0, 0
0, 0, 0, 0, 0, 0, 0, 0, 0, 0, 0, 0, 0, 0, 0, 0, 0, 0, 0, 0, 0, 0, 0, 0, 0, 0, 0, 0, 0, 0, 0, 0, 0, 0, 0, 0, 0, 0, 0, 0, 0, 0, 0, 0, 0, 0, 0, 0, 0, 0, 0, 0, 0, 0, 0, 0, 0, 0, 0, 0, 0, 0, 0, 0, 0, 0, 0, 0, 0, 0, 0, 0, 0, 0, 0, 0, 0, 0, 0, 0, 0, 0, 0, 0, 0, 0, 0, 0, 0, 0, 0, 0, 0, 0, 0, 0, 0, 0, 0, 0
0, 0, 0, 0, 0, 0, 0, 0, 0, 0, 0, 0, 0, 0, 0, 0, 0, 0, 0, 0, 0, 0, 0, 0, 0, 0, 0, 0, 0, 0, 0, 0, 0, 0, 0, 0, 0, 0, 0, 0, 0, 0, 0, 0, 0, 0, 0, 0, 0, 0, 0, 0, 0, 0, 0, 0, 0, 0, 0, 0, 0, 0, 0, 0, 0, 0, 0, 0, 0, 0, 0, 0, 0, 0, 0, 0, 0, 0, 0, 0, 0, 0, 0, 0, 0, 0, 0, 0, 0, 0, 0, 0, 0, 0, 0, 0, 0, 0, 0, 0
0, 0, 0, 0, 0, 0, 0, 0, 0, 0, 0, 0, 0, 0, 0, 0, 0, 0, 0, 0, 0, 0, 0, 0, 0, 0, 0, 0, 0, 0, 0, 0, 0, 0, 0, 0, 0, 0, 0, 0, 0, 0, 0, 0, 0, 0, 0, 0, 0, 0, 0, 0, 0, 0, 0, 0, 0, 0, 0, 0, 0, 0, 0, 0, 0, 0, 0, 0, 0, 0, 0, 0, 0, 0, 0, 0, 0, 0, 0, 0, 0, 0, 0, 0, 0, 0, 0, 0, 0, 0, 0, 0, 0, 0, 0, 0, 0, 0, 0, 0
0, 0, 0, 0, 0, 0, 0, 0, 0, 0, 0, 0, 0, 0, 0, 0, 0, 0, 0, 0, 0, 0, 0, 0, 0, 0, 0, 0, 0, 0, 0, 0, 0, 0, 0, 0, 0, 0, 0, 0, 0, 0, 0, 0, 0, 0, 0, 0, 0, 0, 0, 0, 0, 0, 0, 0, 0, 0, 0, 0, 0, 0, 0, 0, 0, 0, 0, 0, 0, 0, 0, 0, 0, 0, 0, 0, 0, 0, 0, 0, 0, 0, 0, 0, 0, 0, 0, 0, 0, 0, 0, 0, 0, 0, 0, 0, 0, 0, 0, 0
0, 0, 0, 0, 0, 0, 0, 0, 0, 0, 0, 0, 0, 0, 0, 0, 0, 0, 0, 0, 0, 0, 0, 0, 0, 0, 0, 0, 0, 0, 0, 0, 0, 0, 0, 0, 0, 0, 0, 0, 0, 0, 0, 0, 0, 0, 0, 0, 0, 0, 0, 0, 0, 0, 0, 0, 0, 0, 0, 0, 0, 0, 0, 0, 0, 0, 0, 0, 0, 0, 0, 0, 0, 0, 0, 0, 0, 0, 0, 0, 0, 0, 0, 0, 0, 0, 0, 0, 0, 0, 0, 0, 0, 0, 0, 0, 0, 0, 0, 0
0, 0, 0, 0, 0, 0, 0, 0, 0, 0, 0, 0, 0, 0, 0, 0, 0, 0, 0, 0, 0, 0, 0, 0, 0, 0, 0, 0, 0, 0, 0, 0, 0, 0, 0, 0, 0, 0, 0, 0, 0, 0, 0, 0, 0, 0, 0, 0, 0, 0, 0, 0, 0, 0, 0, 0, 0, 0, 0, 0, 0, 0, 0, 0, 0, 0, 0, 0, 0, 0, 0, 0, 0, 0, 0, 0, 0, 0, 0, 0, 0, 0, 0, 0, 0, 0, 0, 0, 0, 0, 0, 0, 0, 0, 0, 0, 0, 0, 0, 0
0, 0, 0, 0, 0, 0, 0, 0, 0, 0, 0, 0, 0, 0, 0, 0, 0, 0, 0, 0, 0, 0, 0, 0, 0, 0, 0, 0, 0, 0, 0, 0, 0, 0, 0, 0, 0, 0, 0, 0, 0, 0, 0, 0, 0, 0, 0, 0, 0, 0, 0, 0, 0, 0, 0, 0, 0, 0, 0, 0, 0, 0, 0, 0, 0, 0, 0, 0, 0, 0, 0, 0, 0, 0, 0, 0, 0, 0, 0, 0, 0, 0, 0, 0, 0, 0, 0, 0, 0, 0, 0, 0, 0, 0, 0, 0, 0, 0, 0, 0
0, 0, 0, 0, 0, 0, 0, 0, 0, 0, 0, 0, 0, 0, 0, 0, 0, 0, 0, 0, 0, 0, 0, 0, 0, 0, 0, 0, 0, 0, 0, 0, 0, 0, 0, 0, 0, 0, 0, 0, 0, 0, 0, 0, 0, 0, 0, 0, 0, 0, 0, 0, 0, 0, 0, 0, 0, 0, 0, 0, 0, 0, 0, 0, 0, 0, 0, 0, 0, 0, 0, 0, 0, 0, 0, 0, 0, 0, 0, 0, 0, 0, 0, 0, 0, 0, 0, 0, 0, 0, 0, 0, 0, 0, 0, 0, 0, 0, 0, 0
0, 0, 0, 0, 0, 0, 0, 0, 0, 0, 0, 0, 0, 0, 0, 0, 0, 0, 0, 0, 0, 0, 0, 0, 0, 0, 0, 0, 0, 0, 0, 0, 0, 0, 0, 0, 0, 0, 0, 0, 0, 0, 0, 0, 0, 0, 0, 0, 0, 0, 0, 0, 0, 0, 0, 0, 0, 0, 0, 0, 0, 0, 0, 0, 0, 0, 0, 0, 0, 0, 0, 0, 0, 0, 0, 0, 0, 0, 0, 0, 0, 0, 0, 0, 0, 0, 0, 0, 0, 0, 0, 0, 0, 0, 0, 0, 0, 0, 0, 0
0, 0, 0, 0, 0, 0, 0, 0, 0, 0, 0, 0, 0, 0, 0, 0, 0, 0, 0, 0, 0, 0, 0, 0, 0, 0, 0, 0, 0, 0, 0, 0, 0, 0, 0, 0, 0, 0, 0, 0, 0, 0, 0, 0, 0, 0, 0, 0, 0, 0, 0, 0, 0, 0, 0, 0, 0, 0, 0, 0, 0, 0, 0, 0, 0, 0, 0, 0, 0, 0, 0, 0, 0, 0, 0, 0, 0, 0, 0, 0, 0, 0, 0, 0, 0, 0, 0, 0, 0, 0, 0, 0, 0, 0, 0, 0, 0, 0, 0, 0
0, 0, 0, 0, 0, 0, 0, 0, 0, 0, 0, 0, 0, 0, 0, 0, 0, 0, 0, 0, 0, 0, 0, 0, 0, 0, 0, 0, 0, 0, 0, 0, 0, 0, 0, 0, 0, 0, 0, 0, 0, 0, 0, 0, 0, 0, 0, 0, 0, 0, 0, 0, 0, 0, 0, 0, 0, 0, 0, 0, 0, 0, 0, 0, 0, 0, 0, 0, 0, 0, 0, 0, 0, 0, 0, 0, 0, 0, 0, 0, 0, 0, 0, 0, 0, 0, 0, 0, 0, 0, 0, 0, 0, 0, 0, 0, 0, 0, 0, 0
0, 0, 0, 0, 0, 0, 0, 0, 0, 0, 0, 0, 0, 0, 0, 0, 0, 0, 0, 0, 0, 0, 0, 0, 0, 0, 0, 0, 0, 0, 0, 0, 0, 0, 0, 0, 0, 0, 0, 0, 0, 0, 0, 0, 0, 0, 0, 0, 0, 0, 0, 0, 0, 0, 0, 0, 0, 0, 0, 0, 0, 0, 0, 0, 0, 0, 0, 0, 0, 0, 0, 0, 0, 0, 0, 0, 0, 0, 0, 0, 0, 0, 0, 0, 0, 0, 0, 0, 0, 0, 0, 0, 0, 0, 0, 0, 0, 0, 0, 0
0, 0, 0, 0, 0, 0, 0, 0, 0, 0, 0, 0, 0, 0, 0, 0, 0, 0, 0, 0, 0, 0, 0, 0, 0, 0, 0, 0, 0, 0, 0, 0, 0, 0, 0, 0, 0, 0, 0, 0, 0, 0, 0, 0, 0, 0, 0, 0, 0, 0, 0, 0, 0, 0, 0, 0, 0, 0, 0, 0, 0, 0, 0, 0, 0, 0, 0, 0, 0, 0, 0, 0, 0, 0, 0, 0, 0, 0, 0, 0, 0, 0, 0, 0, 0, 0, 0, 0, 0, 0, 0, 0, 0, 0, 0, 0, 0, 0, 0, 0
0, 0, 0, 0, 0, 0, 0, 0, 0, 0, 0, 0, 0, 0, 0, 0, 0, 0, 0, 0, 0, 0, 0, 0, 0, 0, 0, 0, 0, 0, 0, 0, 0, 0, 0, 0, 0, 0, 0, 0, 0, 0, 0, 0, 0, 0, 0, 0, 0, 0, 0, 0, 0, 0, 0, 0, 0, 0, 0, 0, 0, 0, 0, 0, 0, 0, 0, 0, 0, 0, 0, 0, 0, 0, 0, 0, 0, 0, 0, 0, 0, 0, 0, 0, 0, 0, 0, 0, 0, 0, 0, 0, 0, 0, 0, 0, 0, 0, 0, 0
0, 0, 0, 0, 0, 0, 0, 0, 0, 0, 0, 0, 0, 0, 0, 0, 0, 0, 0, 0, 0, 0, 0, 0, 0, 0, 0, 0, 0, 0, 0, 0, 0, 0, 0, 0, 0, 0, 0, 0, 0, 0, 0, 0, 0, 0, 0, 0, 0, 0, 0, 0, 0, 0, 0, 0, 0, 0, 0, 0, 0, 0, 0, 0, 0, 0, 0, 0, 0, 0, 0, 0, 0, 0, 0, 0, 0, 0, 0, 0, 0, 0, 0, 0, 0, 0, 0, 0, 0, 0, 0, 0, 0, 0, 0, 0, 0, 0, 0, 0
0, 0, 0, 0, 0, 0, 0, 0, 0, 0, 0, 0, 0, 0, 0, 0, 0, 0, 0, 0, 0, 0, 0, 0, 0, 0, 0, 0, 0, 0, 0, 0, 0, 0, 0, 0, 0, 0, 0, 0, 0, 0, 0, 0, 0, 0, 0, 0, 0, 0, 0, 0, 0, 0, 0, 0, 0, 0, 0, 0, 0, 0, 0, 0, 0, 0, 0, 0, 0, 0, 0, 0, 0, 0, 0, 0, 0, 0, 0, 0, 0, 0, 0, 0, 0, 0, 0, 0, 0, 0, 0, 0, 0, 0, 0, 0, 0, 0, 0, 0
0, 0, 0, 0, 0, 0, 0, 0, 0, 0, 0, 0, 0, 0, 0, 0, 0, 0, 0, 0, 0, 0, 0, 0, 0, 0, 0, 0, 0, 0, 0, 0, 0, 0, 0, 0, 0, 0, 0, 0, 0, 0, 0, 0, 0, 0, 0, 0, 0, 0, 0, 0, 0, 0, 0, 0, 0, 0, 0, 0, 0, 0, 0, 0, 0, 0, 0, 0, 0, 0, 0, 0, 0, 0, 0, 0, 0, 0, 0, 0, 0, 0, 0, 0, 0, 0, 0, 0, 0, 0, 0, 0, 0, 0, 0, 0, 0, 0, 0, 0
0, 0, 0, 0, 0, 0, 0, 0, 0, 0, 0, 0, 0, 0, 0, 0, 0, 0, 0, 0, 0, 0, 0, 0, 0, 0, 0, 0, 0, 0, 0, 0, 0, 0, 0, 0, 0, 0, 0, 0, 0, 0, 0, 0, 0, 0, 0, 0, 0, 0, 0, 0, 0, 0, 0, 0, 0, 0, 0, 0, 0, 0, 0, 0, 0, 0, 0, 0, 0, 0, 0, 0, 0, 0, 0, 0, 0, 0, 0, 0, 0, 0, 0, 0, 0, 0, 0, 0, 0, 0, 0, 0, 0, 0, 0, 0, 0, 0, 0, 0
0, 0, 0, 0, 0, 0, 0, 0, 0, 0, 0, 0, 0, 0, 0, 0, 0, 0, 0, 0, 0, 0, 0, 0, 0, 0, 0, 0, 0, 0, 0, 0, 0, 0, 0, 0, 0, 0, 0, 0, 0, 0, 0, 0, 0, 0, 0, 0, 0, 0, 0, 1e-06, 0, 0, 0, 0, 0, 0, 0, 0, 0, 0, 1e-06, 0, 0, 0, 0, 0, 0, 0, 0, 0, 0, 0, 0, 0, 0, 0, 0, 0, 0, 0, 0, 0, 0, 0, 0, 0, 0, 0, 0, 0, 0, 0, 0, 0, 0, 0, 0, 0
0, 0, 0, 0, 0, 0, 0, 0, 0, 0, 0, 0, 0, 0, 0, 0, 0, 0, 0, 0, 0, 0, 0, 0, 0, 0, 0, 0, 0, 0, 0, 0, 0, 0, 0, 0, 0, 0, 0, 0, 0, 0, 0, 0, 0, 0, 0, 0, 0, 0, 0, 0, 0, 0, 0, 0, 0, 0, 0, 0, 0, 0, 0, 0, 0, 0, 0, 0, 0, 0, 0, 0, 0, 0, 0, 0, 0, 0, 0, 0, 0, 0, 0, 0, 0, 0, 0, 0, 0, 0, 0, 0, 0, 0, 0, 0, 0, 0, 0, 0
0, 0, 0, 0, 0, 0, 0, 0, 0, 0, 0, 0, 0, 0, 0, 0, 0, 0, 0, 0, 0, 0, 0, 0, 0, 0, 0, 0, 0, 0, 0, 0, 0, 0, 0, 0, 0, 0, 0, 0, 0, 0, 0, 0, 0, 0, 0, 0, 0, 0, 0, 0, 0, 0, 0, 0, 0, 0, 0, 0, 0, 0, 0, 0, 0, 0, 0, 0, 0, 0, 0, 0, 0, 0, 0, 0, 0, 0, 0, 0, 0, 0, 0, 0, 0, 0, 0, 0, 0, 0, 0, 0, 0, 0, 0, 0, 0, 0, 0, 0
0, 0, 0, 0, 0, 0, 0, 0, 0, 0, 0, 0, 0, 0, 0, 0, 0, 0, 0, 0, 0, 0, 0, 0, 0, 0, 0, 0, 0, 0, 0, 0, 0, 0, 0, 0, 0, 0, 0, 0, 0, 0, 0, 0, 0, 0, 0, 0, 0, 0, 0, 0, 0, 0, 0, 0, 0, 0, 0, 0, 0, 0, 0, 0, 0, 0, 0, 0, 0, 0, 0, 0, 0, 0, 0, 0, 0, 0, 0, 0, 0, 0, 0, 0, 0, 0, 0, 0, 0, 0, 0, 0, 0, 0, 0, 0, 0, 0, 0, 0
0, 0, 0, 0, 0, 0, 0, 0, 0, 0, 0, 0, 0, 0, 0, 0, 0, 0, 0, 0, 0, 0, 0, 0, 0, 0, 0, 0, 0, 0, 0, 0, 0, 0, 0, 0, 0, 0, 0, 0, 0, 0, 0, 0, 0, 0, 0, 0, 0, 0, 0, 0, 0, 0, 0, 0, 0, 1e-06, 0, 0, 0, 0, 0, 1e-06, 0, 0, 0, 0, 0, 0, 0, 0, 0, 0, 0, 0, 0, 0, 0, 0, 0, 0, 0, 0, 0, 0, 0, 0, 0, 0, 0, 0, 0, 0, 0, 0, 0, 0, 0, 0
0, 0, 0, 0, 0, 0, 0, 0, 0, 0, 0, 0, 0, 0, 0, 0, 0, 0, 0, 0, 0, 0, 0, 0, 0, 0, 0, 0, 0, 0, 0, 0, 0, 0, 0, 0, 0, 0, 0, 0, 0, 0, 0, 0, 0, 0, 0, 0, 0, 0, 0, 1e-06, 0, 1e-06, 0, 0, 0, 0, 0, 0, 1e-06, 0, 0, 0, 0, 0, 1e-06, 0, 0, 0, 0, 0, 0, 0, 0, 0, 0, 0, 0, 0, 0, 0, 0, 0, 0, 0, 0, 0, 0, 0, 0, 0, 0, 0, 0, 0, 0, 0, 0, 0
0, 0, 0, 0, 0, 0, 0, 0, 0, 0, 0, 0, 0, 0, 0, 0, 0, 0, 0, 0, 0, 0, 0, 0, 0, 0, 0, 0, 0, 0, 0, 0, 0, 0, 0, 0, 0, 0, 0, 0, 0, 0, 0, 0, 0, 0, 0, 0, 0, 0, 0, 0, 0, 0, 0, 2e-06, 0, 2e-06, 1e-06, 0, 0, 0, 0, 0, 0, 2e-06, 0, 0, 0, 0, 0, 0, 0, 1e-06, 0, 0, 0, 0, 0, 0, 0, 0, 0, 0, 0, 0, 0, 0, 0, 0, 0, 0, 0, 0, 0, 0, 0, 0, 0, 0
0, 0, 0, 0, 0, 0, 0, 0, 0, 0, 0, 0, 0, 0, 0, 0, 0, 0, 0, 0, 0, 0, 0, 0, 0, 0, 0, 0, 0, 0, 0, 0, 0, 0, 0, 0, 0, 0, 0, 0, 0, 0, 0, 0, 0, 0, 0, 0, 0, 0, 0, 0, 1e-06, 1e-06, 1e-06, 0, 0, 0, 0, 0, 0, 0, 0, 1e-06, 0, 0, 0, 1e-06, 0, 1e-06, 0, 0, 0, 0, 0, 0, 0, 0, 0, 0, 0, 0, 0, 0, 0, 0, 0, 0, 0, 0, 0, 0, 0, 0, 0, 0, 0, 0, 0, 0
0, 0, 0, 0, 0, 0, 0, 0, 0, 0, 0, 0, 0, 0, 0, 0, 0, 0, 0, 0, 0, 0, 0, 0, 0, 0, 0, 0, 0, 0, 0, 0, 0, 0, 0, 0, 0, 0, 0, 0, 0, 0, 0, 0, 0, 0, 0, 0, 0, 0, 0, 0, 1e-06, 0, 0, 0, 2e-06, 4e-06, 1e-06, 1e-06, 1e-06, 1e-06, 2e-06, 2e-06, 0, 0, 2e-06, 0, 1e-06, 0, 1e-06, 0, 0, 0, 0, 0, 1e-06, 0, 0, 0, 0, 0, 0, 0, 0, 0, 0, 0, 0, 0, 0, 0, 0, 0, 0, 0, 0, 0, 0, 0
0, 0, 0, 0, 0, 0, 0, 0, 0, 0, 0, 0, 0, 0, 0, 0, 0, 0, 0, 0, 0, 0, 0, 0, 0, 0, 0, 0, 0, 0, 0, 0, 0, 0, 0, 0, 0, 0, 0, 0, 0, 0, 0, 0, 0, 0, 0, 0, 1e-06, 0, 1e-06, 1e-06, 0, 0, 1e-06, 1e-06, 3e-06, 2e-06, 3e-06, 4e-06, 1e-06, 5e-06, 7e-06, 1e-06, 3e-06, 3e-06, 5e-06, 2e-06, 3e-06, 0, 1e-06, 0, 0, 0, 0, 1e-06, 0, 0, 1e-06, 0, 0, 0, 0, 0, 0, 0, 0, 0, 0, 0, 0, 0, 0, 0, 0, 0, 0, 0, 0, 0
0, 0, 0, 0, 0, 0, 0, 0, 0, 0, 0, 0, 0, 0, 0, 0, 0, 0, 0, 0, 0, 0, 0, 0, 0, 0, 0, 0, 0, 0, 0, 0, 0, 0, 0, 0, 0, 0, 0, 0, 0, 0, 0, 0, 0, 0, 0, 1e-06, 0, 0, 0, 3e-06, 1e-06, 3e-06, 4e-06, 4e-06, 1e-06, 0, 3e-06, 6e-06, 5e-06, 3e-06, 6e-06, 3e-06, 3e-06, 5e-06, 5e-06, 2e-06, 1e-06, 2e-06, 3e-06, 1e-06, 1e-06, 2e-06, 0, 0, 0, 0, 0, 0, 0, 0, 0, 0, 0, 0, 0, 0, 0, 0, 0, 0, 0, 0, 0, 0, 0, 0, 0, 0
0, 0, 0, 0, 0, 0, 0, 0, 0, 0, 0, 0, 0, 0, 0, 0, 0, 0, 0, 0, 0, 0, 0, 0, 0, 0, 0, 0, 0, 0, 0, 0, 0, 0, 0, 0, 0, 0, 0, 0, 0, 0, 0, 0, 0, 0, 0, 1e-06, 0, 1e-06, 1e-06, 3e-06, 5e-06, 2e-06, 6e-06, 5e-06, 6e-06, 9e-06, 8e-06, 1.3e-05, 1.2e-05, 1.1e-05, 1.7e-05, 1e-05, 5e-06, 1.3e-05, 9e-06, 1.5e-05, 6e-06, 5e-06, 4e-06, 8e-06, 4e-06, 1e-06, 2e-06, 5e-06, 1e-06, 1e-06, 1e-06, 0, 0, 0, 0, 0, 0, 0, 0, 0, 0, 0, 0, 0, 0, 0, 0, 0, 0, 0, 0, 0
0, 0, 0, 0, 0, 0, 0, 0, 0, 0, 0, 0, 0, 0, 0, 0, 0, 0, 0, 0, 0, 0, 0, 0, 0, 0, 0, 0, 0, 0, 0, 0, 0, 0, 0, 0, 0, 0, 0, 0, 0, 0, 0, 0, 0, 0, 0, 0, 0, 0, 0, 0, 4e-06, 0, 6e-06, 9e-06, 1e-05, 8e-06, 2.3e-05, 1.7e-05, 1.6e-05, 1.8e-05, 1.6e-05, 2.3e-05, 1.3e-05, 1.2e-05, 7e-06, 1.7e-05, 1.6e-05, 1.2e-05, 5e-06, 7e-06, 5e-06, 4e-06, 1e-06, 1e-06, 1e-06, 2e-06, 0, 0, 1e-06, 0, 0, 0, 0, 0, 0, 0, 0, 0, 0, 0, 0, 0, 0, 0, 0, 0, 0, 0
0, 0, 0, 0, 0, 0, 0, 0, 0, 0, 0, 0, 0, 0, 0, 0, 0, 0, 0, 0, 0, 0, 0, 0, 0, 0, 0, 0, 0, 0, 0, 0, 0, 0, 0, 0, 0, 0, 0, 0, 0, 0, 0, 0, 0, 0, 0, 0, 0, 0, 1e-06, 1e-06, 3e-06, 5e-06, 9e-06, 1e-05, 1.8e-05, 1.1e-05, 2.2e-05, 2.5e-05, 3.3e-05, 3.1e-05, 3e-05, 2.3e-05, 2.3e-05, 2.9e-05, 2.3e-05, 2.8e-05, 1.3e-05, 1.6e-05, 1.8e-05, 1.1e-05, 7e-06, 4e-06, 4e-06, 5e-06, 1e-06, 4e-06, 0, 1e-06, 0, 0, 0, 1e-06, 0, 0, 0, 0, 0, 0, 0, 0, 0, 0, 0, 0, 0, 0, 0, 0
0, 0, 0, 0, 0, 0, 0, 0, 0, 0, 0, 0, 0, 0, 0, 0, 0, 0, 0, 0, 0, 0, 0, 0, 0, 0, 0, 0, 0, 0, 0, 0, 0, 0, 0, 0, 0, 0, 0, 0, 0, 0, 0, 0, 0, 0, 0, 0, 0, 0, 1e-06, 2e-06, 7e-06, 8e-06, 8e-06, 2.3e-05, 2.7e-05, 3e-05, 3.5e-05, 3.1e-05, 4.2e-05, 4.4e-05, 5.3e-05, 4.9e-05, 4.7e-05, 4.3e-05, 3.7e-05, 3.4e-05, 3.3e-05, 2.1e-05, 2.8e-05, 1.1e-05, 2e-05, 1.7e-05, 3e-06, 6e-06, 5e-06, 5e-06, 0, 2e-06, 0, 0, 0, 0, 0, 0, 0, 0, 0, 0, 0, 0, 0, 0, 0, 0, 0, 0, 0, 0
0, 0, 0, 0, 0, 0, 0, 0, 0, 0, 0, 0, 0, 0, 0, 0, 0, 0, 0, 0, 0, 0, 0, 0, 0, 0, 0, 0, 0, 0, 0, 0, 0, 0, 0, 0, 0, 0, 0, 0, 0, 0, 0, 0, 0, 0, 0, 1e-06, 1e-06, 0, 2e-06, 2e-06, 7e-06, 9e-06, 1.5e-05, 2.1e-05, 2.3e-05, 4e-05, 4.7e-05, 5.3e-05, 7.6e-05, 8e-05, 7.6e-05, 7.6e-05, 9.2e-05, 8.2e-05, 6.7e-05, 5.9e-05, 7.1e-05, 4.8e-05, 3.9e-05, 3.4e-05, 2.1e-05, 1.5e-05, 1.4e-05, 1.5e-05, 3e-06, 5e-06, 3e-06, 1e-06, 0, 0, 0, 0, 0, 0, 0, 0, 0, 0, 0, 0, 0, 0, 0, 0, 0, 0, 0, 0
0, 0, 0, 0, 0, 0, 0, 0, 0, 0, 0, 0, 0, 0, 0, 0, 0, 0, 0, 0, 0, 0, 0, 0, 0, 0, 0, 0, 0, 0, 0, 0, 0, 0, 0, 0, 0, 0, 0, 0, 0, 0, 0, 0, 0, 0, 0, 0, 0, 1e-06, 0, 1e-06, 7e-06, 1.3e-05, 1.4e-05, 2.1e-05, 3.4e-05, 5.5e-05, 7.4e-05, 7.2e-05, 9.6e-05, 0.000109, 0.000122, 0.000132, 0.000138, 0.000107, 9.3e-05, 0.000107, 7.4e-05, 8.8e-05, 4.6e-05, 4.7e-05, 3.7e-05, 3.7e-05, 4e-05, 1.9e-05, 6e-06, 5e-06, 8e-06, 2e-06, 1e-06, 2e-06, 0, 0, 0, 0, 0, 0, 0, 0, 0, 0, 0, 0, 0, 0, 0, 0, 0, 0
0, 0, 0, 0, 0, 0, 0, 0, 0, 0, 0, 0, 0, 0, 0, 0, 0, 0, 0, 0, 0, 0, 0, 0, 0, 0, 0, 0, 0, 0, 0, 0, 0, 0, 0, 0, 0, 0, 0, 0, 0, 0, 0, 0, 0, 0, 0, 1e-06, 0, 1e-06, 2e-06, 2e-06, 4e-06, 1e-05, 1.5e-05, 3.2e-05, 4.6e-05, 7.3e-05, 0.000108, 0.000113, 0.000138, 0.000167, 0.000178, 0.000205, 0.000187, 0.000205, 0.000191, 0.000151, 0.000132, 0.000113, 9.2e-05, 7.4e-05, 5.8e-05, 4.9e-05, 4.1e-05, 2.4e-05, 1.8e-05, 1.3e-05, 9e-06, 2e-06, 5e-06, 0, 0, 1e-06, 1e-06, 1e-06, 0, 0, 0, 0, 0, 0, 0, 0, 0, 0, 0, 0, 0, 0
0, 0, 0, 0, 0, 0, 0, 0, 0, 0, 0, 0, 0, 0, 0, 0, 0, 0, 0, 0, 0, 0, 0, 0, 0, 0, 0, 0, 0, 0, 0, 0, 0, 0, 0, 0, 0, 0, 0, 0, 0, 0, 0, 0, 1e-06, 0, 0, 0, 0, 2e-06, 1e-06, 3e-06, 5e-06, 1.3e-05, 2.4e-05, 3.8e-05, 5.5e-05, 9.6e-05, 0.00012, 0.00014, 0.00018, 0.000223, 0.000243, 0.000279, 0.000255, 0.000265, 0.000246, 0.000262, 0.000234, 0.000188, 0.00016, 0.000138, 0.000118, 6.3e-05, 6.1e-05, 5.1e-05, 2.8e-05, 2e-05, 1.3e-05, 5e-06, 8e-06, 3e-06, 2e-06, 0, 1e-06, 0, 0, 0, 0, 0, 0, 0, 0, 0, 0, 0, 0, 0, 0, 0
0, 0, 0, 0, 0, 0, 0, 0, 0, 0, 0, 0, 0, 0, 0, 0, 0, 0, 0, 0, 0, 0, 0, 0, 0, 0, 0, 0, 0, 0, 0, 0, 0, 0, 0, 0, 0, 0, 0, 0, 0, 0, 0, 0, 1e-06, 0, 0, 0, 0, 2e-06, 2e-06, 7e-06, 6e-06, 1e-05, 3.2e-05, 4e-05, 6.6e-05, 0.000106, 0.000144, 0.000181, 0.00026, 0.000318, 0.000394, 0.000379, 0.000387, 0.000397, 0.000365, 0.000328, 0.000321, 0.00029, 0.000253, 0.000223, 0.000173, 0.000117, 9.8e-05, 6.8e-05, 4.7e-05, 3.3e-05, 2e-05, 1.5e-05, 1.5e-05, 4e-06, 2e-06, 1e-06, 0, 0, 0, 1e-06, 0, 0, 0, 0, 0, 0, 0, 0, 0, 0, 0, 0
0, 0, 0, 0, 0, 0, 0, 0, 0, 0, 0, 0, 0, 0, 0, 0, 0, 0, 0, 0, 0, 0, 0, 0, 0, 0, 0, 0, 0, 0, 0, 0, 0, 0, 0, 0, 0, 0, 0, 0, 0, 0, 0, 0, 0, 0, 0, 0, 0, 1e-06, 2e-06, 9e-06, 9e-06, 8e-06, 2.5e-05, 5e-05, 9.4e-05, 0.000129, 0.000175, 0.000236, 0.000317, 0.000407, 0.000448, 0.000488, 0.000558, 0.000555, 0.000566, 0.00051, 0.000451, 0.000458, 0.000377, 0.000292, 0.000251, 0.000177, 0.000138, 9.8e-05, 6.3e-05, 5.4e-05, 3.4e-05, 1.1e-05, 1.6e-05, 5e-06, 2e-06, 0, 3e-06, 1e-06, 0, 0, 2e-06, 0, 0, 0, 0, 0, 0, 0, 0, 0, 0, 0
0, 0, 0, 0, 0, 0, 0, 0, 0, 0, 0, 0, 0, 0, 0, 0, 0, 0, 0, 0, 0, 0, 0, 0, 0, 0, 0, 0, 0, 0, 0, 0, 0, 0, 0, 0, 0, 0, 0, 0, 0, 0, 0, 0, 0, 0, 0, 0, 0, 1e-06, 3e-06, 6e-06, 7e-06, 1.5e-05, 4.1e-05, 5.6e-05, 0.000121, 0.000135, 0.000236, 0.00028, 0.000355, 0.000457, 0.000615, 0.000748, 0.000748, 0.000729, 0.000796, 0.000732, 0.000684, 0.000631, 0.000517, 0.000463, 0.000345, 0.000306, 0.000209, 0.000138, 9.8e-05, 6.9e-05, 4.5e-05, 3.9e-05, 1.9e-05, 1.2e-05, 7e-06, 5e-06, 2e-06, 1e-06, 0, 0, 0, 1e-06, 0, 0, 0, 0, 0, 0, 0, 0, 0, 0
0, 0, 0, 0, 0, 0, 0, 0, 0, 0, 0, 0, 0, 0, 0, 0, 0, 0, 0, 0, 0, 0, 0, 0, 0, 0, 0, 0, 0, 0, 0, 0, 0, 0, 0, 0, 0, 0, 0, 0, 0, 0, 0, 0, 0, 0, 0, 0, 0, 1e-06, 2e-06, 3e-06, 1.1e-05, 2e-05, 3.3e-05, 5.9e-05, 9.8e-05, 0.000177, 0.000259, 0.00037, 0.00046, 0.000613, 0.000703, 0.000861, 0.000923, 0.001034, 0.001027, 0.00099, 0.000973, 0.000851, 0.000717, 0.000652, 0.000485, 0.000416, 0.000307, 0.000216, 0.00016, 0.000115, 7.9e-05, 3.2e-05, 3e-05, 1.4e-05, 1.4e-05, 5e-06, 7e-06, 2e-06, 0, 0, 0, 1e-06, 0, 0, 0, 0, 0, 0, 0, 0, 0, 0
0, 0, 0, 0, 0, 0, 0, 0, 0, 0, 0, 0, 0, 0, 0, 0, 0, 0, 0, 0, 0, 0, 0, 0, 0, 0, 0, 0, 0, 0, 0, 0, 0, 0, 0, 0, 0, 0, 0, 0, 0, 0, 0, 0, 0, 0, 0, 1e-06, 1e-06, 2e-06, 1e-06, 1e-06, 6e-06, 1.8e-05, 2.7e-05, 5.9e-05, 0.00011, 0.000167, 0.000255, 0.000429, 0.000537, 0.000737, 0.000917, 0.001054, 0.001249, 0.001352, 0.00138, 0.001439, 0.001307, 0.001181, 0.001076, 0.00087, 0.000706, 0.000548, 0.000443, 0.000347, 0.000252, 0.000172, 0.000113, 6.7e-05, 5.2e-05, 2.3e-05, 1.3e-05, 1e-05, 4e-06, 2e-06, 1e-06, 0, 0, 1e-06, 0, 0, 0, 0, 0, 0, 0, 0, 0, 0
0, 0, 0, 0, 0, 0, 0, 0, 0, 0, 0, 0, 0, 0, 0, 0, 0, 0, 0, 0, 0, 0, 0, 0, 0, 0, 0, 0, 0, 0, 0, 0, 0, 0, 0, 0, 0, 0, 0, 0, 0, 0, 0, 0, 0, 0, 0, 0, 0, 1e-06, 0, 2e-06, 8e-06, 1.3e-05, 2.5e-05, 6e-05, 0.000126, 0.000183, 0.000255, 0.00045, 0.000562, 0.00081, 0.001065, 0.001339, 0.001586, 0.001663, 0.001639, 0.001728, 0.001775, 0.001545, 0.001382, 0.001159, 0.000991, 0.000762, 0.000587, 0.000467, 0.00028, 0.000208, 0.000146, 0.000119, 7.2e-05, 3.5e-05, 2.3e-05, 1.3e-05, 8e-06, 6e-06, 2e-06, 1e-06, 0, 0, 0, 0, 0, 0, 0, 0, 0, 0, 0, 0
0, 0, 0, 0, 0, 0, 0, 0, 0, 0, 0, 0, 0, 0, 0, 0, 0, 0, 0, 0, 0, 0, 0, 0, 0, 0, 0, 0, 0, 0, 0, 0, 0, 0, 0, 0, 0, 0, 0, 0, 0, 0, 0, 0, 0, 0, 0, 0, 0, 1e-06, 3e-06, 4e-06, 7e-06, 1.6e-05, 3.3e-05, 5.4e-05, 0.000115, 0.000195, 0.000321, 0.000458, 0.000664, 0.000884, 0.001208, 0.001477, 0.001704, 0.002013, 0.002054, 0.00216, 0.002173, 0.001957, 0.001812, 0.001559, 0.00127, 0.001007, 0.000866, 0.000595, 0.000411, 0.000279, 0.000212, 0.000149, 8.2e-05, 6.8e-05, 3.9e-05, 1.7e-05, 1.3e-05, 9e-06, 4e-06, 0, 1e-06, 0, 0, 0, 0, 0, 0, 0, 0, 0, 0, 0
0, 0, 0, 0, 0, 0, 0, 0, 0, 0, 0, 0, 0, 0, 0, 0, 0, 0, 0, 0, 0, 0, 0, 0, 0, 0, 0, 0, 0, 0, 0, 0, 0, 0, 0, 0, 0, 0, 0, 0, 0, 0, 0, 0, 0, 0, 0, 0, 0, 0, 4e-06, 2e-06, 8e-06, 1.3e-05, 3e-05, 6.1e-05, 0.000117, 0.000184, 0.000307, 0.000449, 0.000692, 0.000937, 0.001202, 0.001613, 0.002024, 0.002341, 0.002564, 0.002725, 0.002664, 0.002564, 0.00228, 0.001957, 0.001666, 0.001385, 0.001082, 0.00078, 0.000573, 0.000407, 0.00028, 0.000216, 0.000118, 9.5e-05, 4.1e-05, 2.6e-05, 1.4e-05, 8e-06, 3e-06, 4e-06, 5e-06, 0, 1e-06, 0, 0, 0, 0, 0, 0, 0, 0, 0
0, 0, 0, 0, 0, 0, 0, 0, 0, 0, 0, 0, 0, 0, 0, 0, 0, 0, 0, 0, 0, 0, 0, 0, 0, 0, 0, 0, 0, 0, 0, 0, 0, 0, 0, 0, 0, 0, 0, 0, 0, 0, 0, 0, 0, 0, 0, 0, 1e-06, 1e-06, 2e-06, 8e-06, 7e-06, 1.5e-05, 2.8e-05, 6.4e-05, 8.5e-05, 0.000201, 0.000296, 0.000503, 0.000678, 0.00102, 0.00137, 0.001783, 0.002186, 0.002671, 0.002888, 0.003161, 0.003244, 0.003153, 0.002945, 0.00261, 0.002205, 0.001764, 0.001359, 0.001101, 0.000775, 0.00058, 0.00039, 0.000288, 0.000187, 9.8e-05, 5.4e-05, 2.5e-05, 2.4e-05, 1.3e-05, 4e-06, 3e-06, 2e-06, 0, 0, 0, 0, 0, 0, 0, 0, 0, 0, 0
0, 0, 0, 0, 0, 0, 0, 0, 0, 0, 0, 0, 0, 0, 0, 0, 0, 0, 0, 0, 0, 0, 0, 0, 0, 0, 0, 0, 0, 0, 0, 0, 0, 0, 0, 0, 0, 0, 0, 0, 0, 0, 0, 0, 0, 0, 0, 0, 0, 0, 2e-06, 0, 6e-06, 2.2e-05, 3e-05, 5.2e-05, 0.000101, 0.000188, 0.0003, 0.00048, 0.000636, 0.001003, 0.001386, 0.001858, 0.002299, 0.002823, 0.003256, 0.003513, 0.003753, 0.003642, 0.003427, 0.003134, 0.002609, 0.002199, 0.001834, 0.001384, 0.000962, 0.0007, 0.000452, 0.000348, 0.000222, 0.000129, 7e-05, 4.2e-05, 2.9e-05, 1.8e-05, 1e-05, 3e-06, 2e-06, 0, 0, 0, 0, 0, 0, 0, 0, 0, 0, 0
0, 0, 0, 0, 0, 0, 0, 0, 0, 0, 0, 0, 0, 0, 0, 0, 0, 0, 0, 0, 0, 0, 0, 0, 0, 0, 0, 0, 0, 0, 0, 0, 0, 0, 0, 0, 0, 0, 0, 0, 0, 0, 0, 0, 0, 0, 0, 1e-06, 2e-06, 1e-06, 2e-06, 1e-06, 5e-06, 1.4e-05, 2.7e-05, 4.2e-05, 7.3e-05, 0.000169, 0.000266, 0.000446, 0.000668, 0.000989, 0.001366, 0.001883, 0.002465, 0.002978, 0.003497, 0.003869, 0.004195, 0.004104, 0.004044, 0.003634, 0.003264, 0.0027, 0.002175, 0.001683, 0.001246, 0.000879, 0.000645, 0.000462, 0.000285, 0.000205, 9.2e-05, 6.5e-05, 2.9e-05, 1.8e-05, 6e-06, 4e-06, 1e-06, 1e-06, 1e-06, 0, 0, 0, 0, 0, 0, 0, 0, 0
0, 0, 0, 0, 0, 0, 0, 0, 0, 0, 0, 0, 0, 0, 0, 0, 0, 0, 0, 0, 0, 0, 0, 0, 0, 0, 0, 0, 0, 0, 0, 0, 0, 0, 0, 0, 0, 0, 0, 0, 0, 0, 0, 0, 0, 0, 0, 0, 0, 1e-06, 1e-06, 3e-06, 5e-06, 9e-06, 2e-05, 4.6e-05, 8.2e-05, 0.00016, 0.000246, 0.000387, 0.000611, 0.000902, 0.001341, 0.001832, 0.002411, 0.002972, 0.003666, 0.004136, 0.004506, 0.004673, 0.004585, 0.004272, 0.00381, 0.003174, 0.002618, 0.002032, 0.001507, 0.00115, 0.000796, 0.000508, 0.000366, 0.000196, 0.000119, 6.1e-05, 4.8e-05, 2.4e-05, 1.6e-05, 6e-06, 3e-06, 2e-06, 0, 0, 1e-06, 0, 0, 0, 0, 0, 0, 0
0, 0, 0, 0, 0, 0, 0, 0, 0, 0, 0, 0, 0, 0, 0, 0, 0, 0, 0, 0, 0, 0, 0, 0, 0, 0, 0, 0, 0, 0, 0, 0, 0, 0, 0, 0, 0, 0, 0, 0, 0, 0, 0, 0, 0, 0, 0, 0, 0, 1e-06, 0, 1e-06, 6e-06, 1e-05, 2.1e-05, 3.7e-05, 5e-05, 0.000134, 0.000223, 0.000376, 0.000574, 0.000927, 0.001284, 0.001714, 0.002346, 0.003074, 0.003678, 0.004342, 0.004719, 0.00479, 0.004892, 0.004831, 0.004202, 0.003628, 0.003063, 0.002383, 0.001836, 0.001409, 0.000958, 0.000658, 0.000396, 0.000264, 0.000158, 9.3e-05, 6.3e-05, 2.9e-05, 2.2e-05, 1.1e-05, 7e-06, 2e-06, 0, 0, 0, 0, 0, 0, 0, 0, 0, 0
0, 0, 0, 0, 0, 0, 0, 0, 0, 0, 0, 0, 0, 0, 0, 0, 0, 0, 0, 0, 0, 0, 0, 0, 0, 0, 0, 0, 0, 0, 0, 0, 0, 0, 0, 0, 0, 0, 0, 0, 0, 0, 0, 0, 0, 0, 0, 0, 0, 0, 1e-06, 5e-06, 7e-06, 6e-06, 1.7e-05, 3.5e-05, 6.6e-05, 9.7e-05, 0.00019, 0.000305, 0.000526, 0.000766, 0.001121, 0.001603, 0.002161, 0.002915, 0.003526, 0.004126, 0.004803, 0.005212, 0.005201, 0.005011, 0.004709, 0.004152, 0.003629, 0.002811, 0.002233, 0.001529, 0.001182, 0.000757, 0.000473, 0.00033, 0.000191, 0.000131, 6e-05, 3.3e-05, 1.9e-05, 7e-06, 6e-06, 2e-06, 1e-06, 0, 0, 0, 1e-06, 0, 0, 0, 0, 0
0, 0, 0, 0, 0, 0, 0, 0, 0, 0, 0, 0, 0, 0, 0, 0, 0, 0, 0, 0, 0, 0, 0, 0, 0, 0, 0, 0, 0, 0, 0, 0, 0, 0, 0, 0, 0, 0, 0, 0, 0, 0, 0, 0, 0, 0, 0, 0, 0, 1e-06, 1e-06, 2e-06, 0, 7e-06, 1.9e-05, 3.3e-05, 5.2e-05, 0.000112, 0.000156, 0.000261, 0.000447, 0.000713, 0.000997, 0.001457, 0.002052, 0.002764, 0.003398, 0.004035, 0.00462, 0.005206, 0.005282, 0.005176, 0.004884, 0.004446, 0.003887, 0.003095, 0.002471, 0.001861, 0.001331, 0.000879, 0.000615, 0.000403, 0.000227, 0.000136, 8e-05, 3.6e-05, 2.1e-05, 1.5e-05, 5e-06, 8e-06, 3e-06, 2e-06, 0, 0, 0, 0, 0, 0, 0, 0
0, 0, 0, 0, 0, 0, 0, 0, 0, 0, 0, 0, 0, 0, 0, 0, 0, 0, 0, 0, 0, 0, 0, 0, 0, 0, 0, 0, 0, 0, 0, 0, 0, 0, 0, 0, 0, 0, 0, 0, 0, 0, 0, 0, 0, 0, 0, 0, 0, 0, 0, 0, 4e-06, 4e-06, 5e-06, 2.3e-05, 5.4e-05, 8.7e-05, 0.00015, 0.000226, 0.000375, 0.00057, 0.000908, 0.001265, 0.001799, 0.002406, 0.003117, 0.003751, 0.004479, 0.005021, 0.005312, 0.005316, 0.005218, 0.004554, 0.004103, 0.003373, 0.002791, 0.002025, 0.001484, 0.001033, 0.000712, 0.000471, 0.000256, 0.00015, 0.000116, 5.6e-05, 3.2e-05, 1e-05, 8e-06, 3e-06, 1e-06, 2e-06, 0, 0, 0, 0, 0, 0, 0, 0
0, 0, 0, 0, 0, 0, 0, 0, 0, 0, 0, 0, 0, 0, 0, 0, 0, 0, 0, 0, 0, 0, 0, 0, 0, 0, 0, 0, 0, 0, 0, 0, 0, 0, 0, 0, 0, 0, 0, 0, 0, 0, 0, 0, 0, 0, 0, 0, 0, 1e-06, 0, 1e-06, 3e-06, 2e-06, 1.3e-05, 2.8e-05, 3.1e-05, 5.8e-05, 0.000125, 0.000206, 0.000338, 0.000507, 0.000775, 0.001079, 0.001544, 0.002125, 0.002833, 0.003452, 0.004181, 0.004698, 0.005106, 0.005253, 0.005128, 0.004672, 0.00418, 0.003657, 0.002887, 0.002167, 0.001611, 0.001163, 0.000794, 0.000484, 0.000307, 0.000176, 0.000103, 6.6e-05, 3.4e-05, 1.6e-05, 1.1e-05, 4e-06, 3e-06, 1e-06, 0, 0, 1e-06, 0, 0, 0, 0, 0
0, 0, 0, 0, 0, 0, 0, 0, 0, 0, 0, 0, 0, 0, 0, 0, 0, 0, 0, 0, 0, 0, 0, 0, 0, 0, 0, 0, 0, 0, 0, 0, 0, 0, 0, 0, 0, 0, 0, 0, 0, 0, 0, 0, 0, 0, 0, 0, 0, 0, 0, 2e-06, 2e-06, 4e-06, 1.1e-05, 1.6e-05, 2.4e-05, 4.8e-05, 9.4e-05, 0.000167, 0.000267, 0.000402, 0.000621, 0.000919, 0.001392, 0.001888, 0.002367, 0.003044, 0.003723, 0.00429, 0.004695, 0.004745, 0.004825, 0.004659, 0.004181, 0.003677, 0.003136, 0.002283, 0.001704, 0.001202, 0.000873, 0.000542, 0.000355, 0.00019, 0.000119, 7.6e-05, 4.2e-05, 2.8e-05, 1.4e-05, 5e-06, 6e-06, 2e-06, 0, 0, 0, 0, 0, 0, 0, 0
0, 0, 0, 0, 0, 0, 0, 0, 0, 0, 0, 0, 0, 0, 0, 0, 0, 0, 0, 0, 0, 0, 0, 0, 0, 0, 0, 0, 0, 0, 0, 0, 0, 0, 0, 0, 0, 0, 0, 0, 0, 0, 0, 0, 0, 0, 0, 0, 0, 0, 0, 2e-06, 1e-06, 8e-06, 3e-06, 1.2e-05, 2.5e-05, 3.4e-05, 8.4e-05, 0.000128, 0.000204, 0.000337, 0.00054, 0.000787, 0.001131, 0.00152, 0.002119, 0.002657, 0.003163, 0.003789, 0.004227, 0.0044, 0.004546, 0.004471, 0.004081, 0.003595, 0.00301, 0.002402, 0.001889, 0.001256, 0.00093, 0.000616, 0.000394, 0.000216, 0.00015, 8.2e-05, 3.8e-05, 2.4e-05, 1.1e-05, 4e-06, 5e-06, 1e-06, 0, 0, 0, 0, 0, 0, 0, 0
0, 0, 0, 0, 0, 0, 0, 0, 0, 0, 0, 0, 0, 0, 0, 0, 0, 0, 0, 0, 0, 0, 0, 0, 0, 0, 0, 0, 0, 0, 0, 0, 0, 0, 0, 0, 0, 0, 0, 0, 0, 0, 0, 0, 0, 0, 0, 0, 0, 0, 1e-06, 1e-06, 1e-06, 1e-06, 2e-06, 8e-06, 3.4e-05, 3.4e-05, 6.5e-05, 0.000103, 0.000177, 0.00028, 0.0004, 0.000611, 0.000865, 0.001255, 0.001706, 0.002161, 0.002735, 0.003266, 0.003673, 0.003977, 0.004157, 0.00411, 0.003868, 0.003406, 0.002993, 0.002408, 0.001863, 0.00137, 0.000967, 0.000724, 0.000404, 0.000263, 0.000154, 8.9e-05, 3.4e-05, 1.8e-05, 1.4e-05, 7e-06, 4e-06, 0, 0, 0, 1e-06, 0, 0, 0, 0, 0
0, 0, 0, 0, 0, 0, 0, 0, 0, 0, 0, 0, 0, 0, 0, 0, 0, 0, 0, 0, 0, 0, 0, 0, 0, 0, 0, 0, 0, 0, 0, 0, 0, 0, 0, 0, 0, 0, 0, 0, 0, 0, 0, 0, 0, 0, 0, 0, 0, 0, 1e-06, 2e-06, 1e-06, 3e-06, 4e-06, 7e-06, 1.7e-05, 2.9e-05, 4e-05, 8.5e-05, 0.000128, 0.000225, 0.000313, 0.000488, 0.000749, 0.000968, 0.001377, 0.001682, 0.002203, 0.00271, 0.003041, 0.003394, 0.003638, 0.003716, 0.003507, 0.003149, 0.002784, 0.002205, 0.001837, 0.001438, 0.001003, 0.000652, 0.000438, 0.000281, 0.00016, 0.000105, 4.8e-05, 3.1e-05, 1.2e-05, 3e-06, 6e-06, 2e-06, 0, 0, 0, 0, 0, 0, 0, 0
0, 0, 0, 0, 0, 0, 0, 0, 0, 0, 0, 0, 0, 0, 0, 0, 0, 0, 0, 0, 0, 0, 0, 0, 0, 0, 0, 0, 0, 0, 0, 0, 0, 0, 0, 0, 0, 0, 0, 0, 0, 0, 0, 0, 0, 0, 0, 0, 0, 0, 1e-06, 0, 0, 2e-06, 3e-06, 6e-06, 8e-06, 1.9e-05, 3.5e-05, 4.4e-05, 0.000104, 0.000151, 0.000239, 0.000391, 0.00055, 0.000797, 0.00102, 0.00149, 0.001755, 0.002147, 0.002639, 0.002811, 0.003051, 0.003163, 0.003121, 0.002916, 0.002569, 0.002094, 0.001757, 0.001353, 0.001043, 0.000711, 0.00045, 0.00029, 0.000181, 0.000104, 6.2e-05, 3.7e-05, 1.9e-05, 4e-06, 3e-06, 1e-06, 1e-06, 0, 0, 0, 0, 0, 0, 0
0, 0, 0, 0, 0, 0, 0, 0, 0, 0, 0, 0, 0, 0, 0, 0, 0, 0, 0, 0, 0, 0, 0, 0, 0, 0, 0, 0, 0, 0, 0, 0, 0, 0, 0, 0, 0, 0, 0, 0, 0, 0, 0, 0, 0, 0, 0, 0, 0, 0, 0, 0, 2e-06, 2e-06, 5e-06, 4e-06, 1e-05, 1.9e-05, 2.2e-05, 4e-05, 8.4e-05, 0.000118, 0.000216, 0.000296, 0.000437, 0.000602, 0.000813, 0.001065, 0.001313, 0.001714, 0.001939, 0.002282, 0.002485, 0.002547, 0.002644, 0.002536, 0.002368, 0.002003, 0.001602, 0.001285, 0.000979, 0.000657, 0.000483, 0.000298, 0.00019, 0.000104, 6.6e-05, 3e-05, 2.4e-05, 9e-06, 4e-06, 3e-06, 4e-06, 0, 0, 0, 0, 0, 0, 0
0, 0, 0, 0, 0, 0, 0, 0, 0, 0, 0, 0, 0, 0, 0, 0, 0, 0, 0, 0, 0, 0, 0, 0, 0, 0, 0, 0, 0, 0, 0, 0, 0, 0, 0, 0, 0, 0, 0, 0, 0, 0, 0, 0, 0, 0, 0, 0, 0, 0, 0, 0, 1e-06, 3e-06, 2e-06, 2e-06, 8e-06, 1e-05, 2.4e-05, 3.4e-05, 5.8e-05, 9.1e-05, 0.000124, 0.000197, 0.000274, 0.000468, 0.000618, 0.000848, 0.00105, 0.001325, 0.001592, 0.001751, 0.001996, 0.00217, 0.002183, 0.002142, 0.002037, 0.001785, 0.001432, 0.001176, 0.000854, 0.000619, 0.00046, 0.000285, 0.000168, 9e-05, 6.7e-05, 2.5e-05, 1.5e-05, 9e-06, 2e-06, 2e-06, 0, 0, 1e-06, 0, 0, 0, 0, 0
0, 0, 0, 0, 0, 0, 0, 0, 0, 0, 0, 0, 0, 0, 0, 0, 0, 0, 0, 0, 0, 0, 0, 0, 0, 0, 0, 0, 0, 0, 0, 0, 0, 0, 0, 0, 0, 0, 0, 0, 0, 0, 0, 0, 0, 0, 0, 0, 0, 0, 0, 0, 0, 1e-06, 1e-06, 2e-06, 4e-06, 9e-06, 1.8e-05, 2.9e-05, 3.8e-05, 6e-05, 9.4e-05, 0.000183, 0.000226, 0.00033, 0.000446, 0.000558, 0.000778, 0.000943, 0.001239, 0.001374, 0.001574, 0.001671, 0.001747, 0.001779, 0.001607, 0.001432, 0.001259, 0.001068, 0.000811, 0.000589, 0.000414, 0.000273, 0.000184, 0.000112, 6.1e-05, 3.7e-05, 2e-05, 8e-06, 4e-06, 3e-06, 1e-06, 1e-06, 0, 0, 0, 0, 0, 0
0, 0, 0, 0, 0, 0, 0, 0, 0, 0, 0, 0, 0, 0, 0, 0, 0, 0, 0, 0, 0, 0, 0, 0, 0, 0, 0, 0, 0, 0, 0, 0, 0, 0, 0, 0, 0, 0, 0, 0, 0, 0, 0, 0, 0, 0, 0, 0, 0, 0, 0, 0, 0, 0, 1e-06, 1e-06, 1e-06, 3e-06, 1.6e-05, 1.3e-05, 2.6e-05, 4e-05, 8.3e-05, 9.5e-05, 0.00016, 0.00023, 0.000295, 0.000428, 0.000571, 0.000699, 0.000891, 0.001065, 0.001188, 0.001316, 0.001404, 0.001324, 0.001341, 0.001173, 0.001044, 0.000924, 0.000725, 0.000564, 0.000377, 0.000243, 0.000173, 0.000113, 6e-05, 3.3e-05, 2e-05, 1e-05, 3e-06, 3e-06, 2e-06, 0, 0, 0, 0, 0, 0, 0
0, 0, 0, 0, 0, 0, 0, 0, 0, 0, 0, 0, 0, 0, 0, 0, 0, 0, 0, 0, 0, 0, 0, 0, 0, 0, 0, 0, 0, 0, 0, 0, 0, 0, 0, 0, 0, 0, 0, 0, 0, 0, 0, 0, 0, 0, 0, 0, 0, 0, 0, 0, 0, 1e-06, 0, 2e-06, 1e-06, 2e-06, 8e-06, 1.1e-05, 1.6e-05, 2.9e-05, 4.9e-05, 7.4e-05, 0.000116, 0.00016, 0.000219, 0.000298, 0.000399, 0.000508, 0.000676, 0.000765, 0.000845, 0.000975, 0.00101, 0.001024, 0.001063, 0.000919, 0.0009, 0.000793, 0.00058, 0.000479, 0.000368, 0.000232, 0.000158, 0.000104, 6.1e-05, 3.5e-05, 1.8e-05, 1.2e-05, 5e-06, 1e-06, 0, 0, 0, 0, 0, 0, 0, 0
0, 0, 0, 0, 0, 0, 0, 0, 0, 0, 0, 0, 0, 0, 0, 0, 0, 0, 0, 0, 0, 0, 0, 0, 0, 0, 0, 0, 0, 0, 0, 0, 0, 0, 0, 0, 0, 0, 0, 0, 0, 0, 0, 0, 0, 0, 0, 0, 0, 0, 0, 0, 0, 0, 1e-06, 1e-06, 0, 2e-06, 4e-06, 4e-06, 1.4e-05, 2.2e-05, 3.7e-05, 5.2e-05, 7.8e-05, 0.000131, 0.000154, 0.000199, 0.000281, 0.00034, 0.00046, 0.000511, 0.000605, 0.000696, 0.000707, 0.000816, 0.000791, 0.000713, 0.000678, 0.000562, 0.000515, 0.000377, 0.000309, 0.000206, 0.000169, 0.000104, 6.8e-05, 3.1e-05, 1.2e-05, 5e-06, 2e-06, 3e-06, 0, 1e-06, 1e-06, 0, 0, 0, 0, 0
0, 0, 0, 0, 0, 0, 0, 0, 0, 0, 0, 0, 0, 0, 0, 0, 0, 0, 0, 0, 0, 0, 0, 0, 0, 0, 0, 0, 0, 0, 0, 0, 0, 0, 0, 0, 0, 0, 0, 0, 0, 0, 0, 0, 0, 0, 0, 0, 0, 0, 0, 0, 0, 0, 0, 0, 0, 3e-06, 0, 4e-06, 9e-06, 1.2e-05, 2.2e-05, 3.6e-05, 5.9e-05, 7.3e-05, 0.000107, 0.000144, 0.000169, 0.000241, 0.000306, 0.000359, 0.000422, 0.000452, 0.000523, 0.000604, 0.000537, 0.000554, 0.000552, 0.000452, 0.000379, 0.000337, 0.000256, 0.000177, 0.000131, 9e-05, 4.5e-05, 3.2e-05, 1.8e-05, 1e-05, 1e-06, 2e-06, 1e-06, 0, 1e-06, 0, 0, 0, 0, 0
0, 0, 0, 0, 0, 0, 0, 0, 0, 0, 0, 0, 0, 0, 0, 0, 0, 0, 0, 0, 0, 0, 0, 0, 0, 0, 0, 0, 0, 0, 0, 0, 0, 0, 0, 0, 0, 0, 0, 0, 0, 0, 0, 0, 0, 0, 0, 0, 0, 0, 0, 0, 0, 0, 0, 0, 0, 0, 0, 5e-06, 7e-06, 1.2e-05, 1.6e-05, 2.4e-05, 4.2e-05, 6e-05, 6e-05, 8.8e-05, 0.00013, 0.000183, 0.000211, 0.000233, 0.000289, 0.000316, 0.000402, 0.000446, 0.00041, 0.000404, 0.000417, 0.000354, 0.000316, 0.000273, 0.00021, 0.000139, 9.6e-05, 6.3e-05, 3.4e-05, 2.4e-05, 2e-05, 1.4e-05, 7e-06, 6e-06, 0, 1e-06, 0, 0, 0, 0, 0, 0
0, 0, 0, 0, 0, 0, 0, 0, 0, 0, 0, 0, 0, 0, 0, 0, 0, 0, 0, 0, 0, 0, 0, 0, 0, 0, 0, 0, 0, 0, 0, 0, 0, 0, 0, 0, 0, 0, 0, 0, 0, 0, 0, 0, 0, 0, 0, 0, 0, 0, 0, 0, 0, 0, 0, 0, 1e-06, 2e-06, 2e-06, 1e-06, 1e-06, 7e-06, 7e-06, 1.3e-05, 2.2e-05, 2.7e-05, 3.9e-05, 6.4e-05, 7.6e-05, 0.000114, 0.000126, 0.000158, 0.000175, 0.0002, 0.000268, 0.000283, 0.000277, 0.000268, 0.000271, 0.000261, 0.000225, 0.000179, 0.000134, 9.6e-05, 9.6e-05, 8e-05, 3.3e-05, 3.3e-05, 1.2e-05, 8e-06, 3e-06, 1e-06, 1e-06, 0, 0, 0, 0, 0, 0, 0
0, 0, 0, 0, 0, 0, 0, 0, 0, 0, 0, 0, 0, 0, 0, 0, 0, 0, 0, 0, 0, 0, 0, 0, 0, 0, 0, 0, 0, 0, 0, 0, 0, 0, 0, 0, 0, 0, 0, 0, 0, 0, 0, 0, 0, 0, 0, 0, 0, 0, 0, 0, 0, 0, 0, 0, 1e-06, 1e-06, 0, 0, 1e-06, 2e-06, 4e-06, 1.3e-05, 2e-05, 2.2e-05, 2.8e-05, 2.8e-05, 6e-05, 7.6e-05, 7.9e-05, 9.4e-05, 0.000115, 0.000135, 0.000145, 0.000165, 0.00018, 0.000202, 0.000176, 0.000177, 0.000139, 0.000155, 0.000136, 8.5e-05, 7.6e-05, 5.2e-05, 3.4e-05, 2.5e-05, 1.3e-05, 8e-06, 6e-06, 1e-06, 0, 2e-06, 0, 0, 0, 0, 0, 0
0, 0, 0, 0, 0, 0, 0, 0, 0, 0, 0, 0, 0, 0, 0, 0, 0, 0, 0, 0, 0, 0, 0, 0, 0, 0, 0, 0, 0, 0, 0, 0, 0, 0, 0, 0, 0, 0, 0, 0, 0, 0, 0, 0, 0, 0, 0, 0, 0, 0, 0, 0, 0, 0, 0, 0, 0, 0, 1e-06, 0, 0, 3e-06, 7e-06, 5e-06, 6e-06, 2.1e-05, 1.1e-05, 2.6e-05, 3e-05, 4.4e-05, 4.2e-05, 6.5e-05, 7e-05, 9.7e-05, 9.7e-05, 0.000112, 0.000124, 0.000118, 0.0001, 0.000124, 0.000133, 0.000111, 8.8e-05, 6.9e-05, 5.2e-05, 3.5e-05, 2.4e-05, 9e-06, 1.5e-05, 5e-06, 1e-06, 1e-06, 0, 1e-06, 1e-06, 0, 0, 0, 0, 0
0, 0, 0, 0, 0, 0, 0, 0, 0, 0, 0, 0, 0, 0, 0, 0, 0, 0, 0, 0, 0, 0, 0, 0, 0, 0, 0, 0, 0, 0, 0, 0, 0, 0, 0, 0, 0, 0, 0, 0, 0, 0, 0, 0, 0, 0, 0, 0, 0, 0, 0, 0, 0, 0, 0, 0, 0, 0, 0, 0, 2e-06, 0, 1e-06, 2e-06, 1e-06, 8e-06, 5e-06, 1.7e-05, 1.3e-05, 1.6e-05, 2e-05, 4.5e-05, 5.1e-05, 5.8e-05, 7.4e-05, 7.3e-05, 8.3e-05, 8.5e-05, 7.3e-05, 8.2e-05, 7.1e-05, 7.3e-05, 4.7e-05, 5.1e-05, 3.6e-05, 2.6e-05, 2e-05, 1.4e-05, 7e-06, 6e-06, 3e-06, 0, 2e-06, 1e-06, 0, 0, 0, 0, 0, 0
0, 0, 0, 0, 0, 0, 0, 0, 0, 0, 0, 0, 0, 0, 0, 0, 0, 0, 0, 0, 0, 0, 0, 0, 0, 0, 0, 0, 0, 0, 0, 0, 0, 0, 0, 0, 0, 0, 0, 0, 0, 0, 0, 0, 0, 0, 0, 0, 0, 0, 0, 0, 0, 0, 0, 0, 0, 0, 0, 1e-06, 0, 1e-06, 0, 4e-06, 2e-06, 1e-06, 9e-06, 9e-06, 1.4e-05, 1.7e-05, 2.4e-05, 2.2e-05, 3.3e-05, 3.1e-05, 3.2e-05, 3.2e-05, 4.3e-05, 5.2e-05, 6.2e-05, 4.6e-05, 4.1e-05, 4.5e-05, 4.5e-05, 2.8e-05, 3e-05, 2.2e-05, 2e-05, 9e-06, 7e-06, 3e-06, 3e-06, 3e-06, 0, 1e-06, 0, 0, 0, 0, 0, 0
0, 0, 0, 0, 0, 0, 0, 0, 0, 0, 0, 0, 0, 0, 0, 0, 0, 0, 0, 0, 0, 0, 0, 0, 0, 0, 0, 0, 0, 0, 0, 0, 0, 0, 0, 0, 0, 0, 0, 0, 0, 0, 0, 0, 0, 0, 0, 0, 0, 0, 0, 0, 0, 0, 0, 0, 0, 0, 0, 1e-06, 1e-06, 0, 0, 2e-06, 0, 0, 5e-06, 7e-06, 7e-06, 1e-05, 5e-06, 1.1e-05, 1.6e-05, 1.5e-05, 2.1e-05, 1.3e-05, 2.2e-05, 2.4e-05, 3.2e-05, 2.4e-05, 3.6e-05, 2.4e-05, 2.2e-05, 2.2e-05, 1.7e-05, 1.6e-05, 1.4e-05, 9e-06, 7e-06, 5e-06, 3e-06, 0, 1e-06, 0, 0, 0, 0, 0, 0, 0
0, 0, 0, 0, 0, 0, 0, 0, 0, 0, 0, 0, 0, 0, 0, 0, 0, 0, 0, 0, 0, 0, 0, 0, 0, 0, 0, 0, 0, 0, 0, 0, 0, 0, 0, 0, 0, 0, 0, 0, 0, 0, 0, 0, 0, 0, 0, 0, 0, 0, 0, 0, 0, 0, 0, 0, 0, 0, 0, 0, 0, 0, 2e-06, 0, 0, 1e-06, 1e-06, 1e-06, 4e-06, 5e-06, 6e-06, 6e-06, 1.5e-05, 6e-06, 1.4e-05, 1e-05, 1.6e-05, 1.7e-05, 1.7e-05, 1.9e-05, 1.9e-05, 1.4e-05, 2e-05, 1.2e-05, 9e-06, 6e-06, 9e-06, 6e-06, 6e-06, 1e-06, 2e-06, 0, 1e-06, 0, 1e-06, 0, 0, 0, 0, 0
0, 0, 0, 0, 0, 0, 0, 0, 0, 0, 0, 0, 0, 0, 0, 0, 0, 0, 0, 0, 0, 0, 0, 0, 0, 0, 0, 0, 0, 0, 0, 0, 0, 0, 0, 0, 0, 0, 0, 0, 0, 0, 0, 0, 0, 0, 0, 0, 0, 0, 0, 0, 0, 0, 0, 0, 0, 0, 0, 0, 0, 0, 0, 0, 0, 2e-06, 1e-06, 1e-06, 1e-06, 3e-06, 3e-06, 4e-06, 3e-06, 4e-06, 8e-06, 1e-05, 7e-06, 1e-05, 9e-06, 7e-06, 1.1e-05, 9e-06, 1.2e-05, 1.2e-05, 8e-06, 6e-06, 5e-06, 2e-06, 3e-06, 3e-06, 3e-06, 1e-06, 0, 0, 0, 0, 0, 0, 0, 0
0, 0, 0, 0, 0, 0, 0, 0, 0, 0, 0, 0, 0, 0, 0, 0, 0, 0, 0, 0, 0, 0, 0, 0, 0, 0, 0, 0, 0, 0, 0, 0, 0, 0, 0, 0, 0, 0, 0, 0, 0, 0, 0, 0, 0, 0, 0, 0, 0, 0, 0, 0, 0, 0, 0, 0, 0, 0, 0, 0, 0, 0, 0, 0, 0, 2e-06, 0, 0, 0, 2e-06, 5e-06, 0, 5e-06, 2e-06, 4e-06, 2e-06, 3e-06, 7e-06, 9e-06, 1e-05, 6e-06, 5e-06, 5e-06, 5e-06, 9e-06, 2e-06, 3e-06, 3e-06, 4e-06, 2e-06, 1e-06, 0, 0, 0, 0, 0, 0, 0, 0, 0
0, 0, 0, 0, 0, 0, 0, 0, 0, 0, 0, 0, 0, 0, 0, 0, 0, 0, 0, 0, 0, 0, 0, 0, 0, 0, 0, 0, 0, 0, 0, 0, 0, 0, 0, 0, 0, 0, 0, 0, 0, 0, 0, 0, 0, 0, 0, 0, 0, 0, 0, 0, 0, 0, 0, 0, 0, 0, 0, 0, 0, 0, 0, 0, 0, 0, 1e-06, 0, 2e-06, 1e-06, 3e-06, 0, 1e-06, 1e-06, 1e-06, 1e-06, 2e-06, 3e-06, 3e-06, 0, 3e-06, 0, 5e-06, 1e-06, 3e-06, 2e-06, 2e-06, 1e-06, 1e-06, 0, 0, 1e-06, 0, 0, 0, 0, 0, 0, 0, 0
0, 0, 0, 0, 0, 0, 0, 0, 0, 0, 0, 0, 0, 0, 0, 0, 0, 0, 0, 0, 0, 0, 0, 0, 0, 0, 0, 0, 0, 0, 0, 0, 0, 0, 0, 0, 0, 0, 0, 0, 0, 0, 0, 0, 0, 0, 0, 0, 0, 0, 0, 0, 0, 0, 0, 0, 0, 0, 0, 0, 0, 0, 0, 0, 0, 0, 0, 0, 0, 1e-06, 0, 1e-06, 1e-06, 2e-06, 3e-06, 1e-06, 4e-06, 1e-06, 3e-06, 1e-06, 1e-06, 1e-06, 2e-06, 0, 3e-06, 1e-06, 0, 2e-06, 0, 1e-06, 0, 1e-06, 0, 0, 0, 0, 0, 0, 0, 0
0, 0, 0, 0, 0, 0, 0, 0, 0, 0, 0, 0, 0, 0, 0, 0, 0, 0, 0, 0, 0, 0, 0, 0, 0, 0, 0, 0, 0, 0, 0, 0, 0, 0, 0, 0, 0, 0, 0, 0, 0, 0, 0, 0, 0, 0, 0, 0, 0, 0, 0, 0, 0, 0, 0, 0, 0, 0, 0, 0, 0, 0, 0, 0, 0, 0, 1e-06, 0, 0, 0, 0, 1e-06, 1e-06, 4e-06, 1e-06, 1e-06, 3e-06, 0, 1e-06, 3e-06, 1e-06, 1e-06, 1e-06, 2e-06, 1e-06, 2e-06, 0, 1e-06, 0, 1e-06, 1e-06, 1e-06, 0, 0, 0, 0, 0, 0, 0, 0
0, 0, 0, 0, 0, 0, 0, 0, 0, 0, 0, 0, 0, 0, 0, 0, 0, 0, 0, 0, 0, 0, 0, 0, 0, 0, 0, 0, 0, 0, 0, 0, 0, 0, 0, 0, 0, 0, 0, 0, 0, 0, 0, 0, 0, 0, 0, 0, 0, 0, 0, 0, 0, 0, 0, 0, 0, 0, 0, 0, 0, 0, 0, 0, 0, 0, 0, 0, 0, 0, 1e-06, 0, 0, 0, 0, 1e-06, 0, 0, 1e-06, 1e-06, 0, 0, 0, 0, 1e-06, 0, 0, 2e-06, 0, 0, 0, 0, 1e-06, 0, 0, 0, 0, 0, 0, 0
0, 0, 0, 0, 0, 0, 0, 0, 0, 0, 0, 0, 0, 0, 0, 0, 0, 0, 0, 0, 0, 0, 0, 0, 0, 0, 0, 0, 0, 0, 0, 0, 0, 0, 0, 0, 0, 0, 0, 0, 0, 0, 0, 0, 0, 0, 0, 0, 0, 0, 0, 0, 0, 0, 0, 0, 0, 0, 0, 0, 0, 0, 0, 0, 0, 0, 0, 0, 0, 0, 0, 0, 0, 1e-06, 0, 1e-06, 0, 0, 0, 0, 0, 0, 0, 0, 0, 1e-06, 0, 0, 1e-06, 0, 0, 0, 0, 0, 0, 0, 0, 0, 0, 0
0, 0, 0, 0, 0, 0, 0, 0, 0, 0, 0, 0, 0, 0, 0, 0, 0, 0, 0, 0, 0, 0, 0, 0, 0, 0, 0, 0, 0, 0, 0, 0, 0, 0, 0, 0, 0, 0, 0, 0, 0, 0, 0, 0, 0, 0, 0, 0, 0, 0, 0, 0, 0, 0, 0, 0, 0, 0, 0, 0, 0, 0, 0, 0, 0, 0, 0, 0, 0, 0, 0, 0, 0, 0, 0, 0, 0, 0, 0, 1e-06, 0, 0, 0, 0, 1e-06, 0, 0, 0, 0, 0, 0, 0, 0, 0, 0, 0, 0, 0, 0, 0
0, 0, 0, 0, 0, 0, 0, 0, 0, 0, 0, 0, 0, 0, 0, 0, 0, 0, 0, 0, 0, 0, 0, 0, 0, 0, 0, 0, 0, 0, 0, 0, 0, 0, 0, 0, 0, 0, 0, 0, 0, 0, 0, 0, 0, 0, 0, 0, 0, 0, 0, 0, 0, 0, 0, 0, 0, 0, 0, 0, 0, 0, 0, 0, 0, 0, 0, 0, 0, 0, 0, 0, 0, 0, 0, 0, 0, 0, 0, 0, 0, 0, 0, 0, 0, 0, 0, 0, 0, 0, 0, 0, 0, 0, 0, 0, 0, 0, 0, 0
0, 0, 0, 0, 0, 0, 0, 0, 0, 0, 0, 0, 0, 0, 0, 0, 0, 0, 0, 0, 0, 0, 0, 0, 0, 0, 0, 0, 0, 0, 0, 0, 0, 0, 0, 0, 0, 0, 0, 0, 0, 0, 0, 0, 0, 0, 0, 0, 0, 0, 0, 0, 0, 0, 0, 0, 0, 0, 0, 0, 0, 0, 0, 0, 0, 0, 0, 0, 0, 0, 0, 0, 0, 0, 0, 0, 0, 0, 0, 0, 0, 0, 0, 0, 0, 0, 0, 0, 0, 0, 0, 0, 0, 0, 0, 0, 0, 0, 0, 0
0, 0, 0, 0, 0, 0, 0, 0, 0, 0, 0, 0, 0, 0, 0, 0, 0, 0, 0, 0, 0, 0, 0, 0, 0, 0, 0, 0, 0, 0, 0, 0, 0, 0, 0, 0, 0, 0, 0, 0, 0, 0, 0, 0, 0, 0, 0, 0, 0, 0, 0, 0, 0, 0, 0, 0, 0, 0, 0, 0, 0, 0, 0, 0, 0, 0, 0, 0, 0, 0, 0, 0, 0, 0, 0, 0, 0, 0, 0, 0, 0, 0, 0, 0, 0, 0, 0, 0, 0, 0, 0, 0, 0, 0, 0, 0, 0, 0, 0, 0
0, 0, 0, 0, 0, 0, 0, 0, 0, 0, 0, 0, 0, 0, 0, 0, 0, 0, 0, 0, 0, 0, 0, 0, 0, 0, 0, 0, 0, 0, 0, 0, 0, 0, 0, 0, 0, 0, 0, 0, 0, 0, 0, 0, 0, 0, 0, 0, 0, 0, 0, 0, 0, 0, 0, 0, 0, 0, 0, 0, 0, 0, 0, 0, 0, 0, 0, 0, 0, 0, 0, 0, 0, 0, 0, 0, 0, 0, 0, 0, 0, 0, 0, 0, 0, 0, 0, 0, 0, 0, 0, 0, 0, 0, 0, 0, 0, 0, 0, 0
0, 0, 0, 0, 0, 0, 0, 0, 0, 0, 0, 0, 0, 0, 0, 0, 0, 0, 0, 0, 0, 0, 0, 0, 0, 0, 0, 0, 0, 0, 0, 0, 0, 0, 0, 0, 0, 0, 0, 0, 0, 0, 0, 0, 0, 0, 0, 0, 0, 0, 0, 0, 0, 0, 0, 0, 0, 0, 0, 0, 0, 0, 0, 0, 0, 0, 0, 0, 0, 0, 0, 0, 0, 0, 0, 0, 0, 0, 0, 0, 0, 0, 0, 0, 0, 0, 0, 0, 0, 0, 0, 0, 0, 0, 0, 0, 0, 0, 0, 0
0, 0, 0, 0, 0, 0, 0, 0, 0, 0, 0, 0, 0, 0, 0, 0, 0, 0, 0, 0, 0, 0, 0, 0, 0, 0, 0, 0, 0, 0, 0, 0, 0, 0, 0, 0, 0, 0, 0, 0, 0, 0, 0, 0, 0, 0, 0, 0, 0, 0, 0, 0, 0, 0, 0, 0, 0, 0, 0, 0, 0, 0, 0, 0, 0, 0, 0, 0, 0, 0, 0, 0, 0, 0, 0, 0, 0, 0, 0, 0, 0, 0, 0, 0, 0, 0, 0, 0, 0, 0, 0, 0, 0, 0, 0, 0, 0, 0, 0, 0
0, 0, 0, 0, 0, 0, 0, 0, 0, 0, 0, 0, 0, 0, 0, 0, 0, 0, 0, 0, 0, 0, 0, 0, 0, 0, 0, 0, 0, 0, 0, 0, 0, 0, 0, 0, 0, 0, 0, 0, 0, 0, 0, 0, 0, 0, 0, 0, 0, 0, 0, 0, 0, 0, 0, 0, 0, 0, 0, 0, 0, 0, 0, 0, 0, 0, 0, 0, 0, 0, 0, 0, 0, 0, 0, 0, 0, 0, 0, 0, 0, 0, 0, 0, 0, 0, 0, 0, 0, 0, 0, 0, 0, 0, 0, 0, 0, 0, 0, 0
0, 0, 0, 0, 0, 0, 0, 0, 0, 0, 0, 0, 0, 0, 0, 0, 0, 0, 0, 0, 0, 0, 0, 0, 0, 0, 0, 0, 0, 0, 0, 0, 0, 0, 0, 0, 0, 0, 0, 0, 0, 0, 0, 0, 0, 0, 0, 0, 0, 0, 0, 0, 0, 0, 0, 0, 0, 0, 0, 0, 0, 0, 0, 0, 0, 0, 0, 0, 0, 0, 0, 0, 0, 0, 0, 0, 0, 0, 0, 0, 0, 0, 0, 0, 0, 0, 0, 0, 0, 0, 0, 0, 0, 0, 0, 0, 0, 0, 0, 0
0, 0, 0, 0, 0, 0, 0, 0, 0, 0, 0, 0, 0, 0, 0, 0, 0, 0, 0, 0, 0, 0, 0, 0, 0, 0, 0, 0, 0, 0, 0, 0, 0, 0, 0, 0, 0, 0, 0, 0, 0, 0, 0, 0, 0, 0, 0, 0, 0, 0, 0, 0, 0, 0, 0, 0, 0, 0, 0, 0, 0, 0, 0, 0, 0, 0, 0, 0, 0, 0, 0, 0, 0, 0, 0, 0, 0, 0, 0, 0, 0, 0, 0, 0, 0, 0, 0, 0, 0, 0, 0, 0, 0, 0, 0, 0, 0, 0, 0, 0
