0, 0, 0
0.1, 0.0502, 0.0487706
0.2, 0.0956, 0.0951626
0.3, 0.1409, 0.139292
0.4, 0.183733, 0.181269
0.5, 0.223567, 0.221199
0.6, 0.263533, 0.259182
0.7, 0.300933, 0.295312
0.8, 0.3342, 0.32968
0.9, 0.365167, 0.362372
1, 0.396533, 0.393469
1.1, 0.425967, 0.42305
1.2, 0.4543, 0.451188
1.3, 0.481033, 0.477954
1.4, 0.506567, 0.503415
1.5, 0.531467, 0.527633
1.6, 0.5555, 0.550671
1.7, 0.576567, 0.572585
1.8, 0.5981, 0.59343
1.9, 0.617, 0.613259
2, 0.6357, 0.632121
2.1, 0.653233, 0.650062
2.2, 0.6704, 0.667129
2.3, 0.6866, 0.683363
2.4, 0.7019, 0.698806
2.5, 0.715867, 0.713495
2.6, 0.730133, 0.727468
2.7, 0.7435, 0.74076
2.8, 0.7559, 0.753403
2.9, 0.7672, 0.76543
3, 0.778833, 0.77687
3.1, 0.789267, 0.787752
3.2, 0.798867, 0.798103
3.3, 0.808, 0.80795
3.4, 0.817967, 0.817316
3.5, 0.826567, 0.826226
3.6, 0.834867, 0.834701
3.7, 0.8431, 0.842763
3.8, 0.850733, 0.850431
3.9, 0.857367, 0.857726
4, 0.8648, 0.864665
4.1, 0.871033, 0.871265
4.2, 0.876833, 0.877544
4.3, 0.882533, 0.883516
4.4, 0.888867, 0.889197
4.5, 0.894533, 0.894601
4.6, 0.899367, 0.899741
4.7, 0.904167, 0.904631
4.8, 0.908933, 0.909282
4.9, 0.913533, 0.913706
5, 0.917767, 0.917915
5.1, 0.921133, 0.921918
5.2, 0.925667, 0.925726
5.3, 0.929267, 0.929349
5.4, 0.9316, 0.932794
5.5, 0.934833, 0.936072
5.6, 0.938133, 0.93919
5.7, 0.941067, 0.942156
5.8, 0.9439, 0.944977
5.9, 0.946567, 0.94766
6, 0.9492, 0.950213
6.1, 0.951733, 0.952641
6.2, 0.9543, 0.954951
6.3, 0.956467, 0.957148
6.4, 0.958767, 0.959238
6.5, 0.961033, 0.961226
6.6, 0.963033, 0.963117
6.7, 0.964833, 0.964916
6.8, 0.966733, 0.966627
6.9, 0.968567, 0.968254
7, 0.9702, 0.969803
7.1, 0.9714, 0.971275
7.2, 0.972833, 0.972676
7.3, 0.974333, 0.974009
7.4, 0.9756, 0.975276
7.5, 0.977267, 0.976482
7.6, 0.978467, 0.977629
7.7, 0.979633, 0.97872
7.8, 0.9806, 0.979758
7.9, 0.981733, 0.980745
8, 0.9827, 0.981684
8.1, 0.983333, 0.982578
8.2, 0.984033, 0.983427
8.3, 0.985, 0.984236
8.4, 0.9856, 0.985004
8.5, 0.986333, 0.985736
8.6, 0.987033, 0.986431
8.7, 0.987633, 0.987093
8.8, 0.9882, 0.987723
8.9, 0.988767, 0.988321
9, 0.989333, 0.988891
9.1, 0.9898, 0.989433
9.2, 0.990333, 0.989948
9.3, 0.990967, 0.990438
9.4, 0.9915, 0.990905
9.5, 0.991867, 0.991348
9.6, 0.992333, 0.99177
9.7, 0.9929, 0.992172
9.8, 0.9931, 0.992553
9.9, 0.9934, 0.992917
