-5, 0, 0
-4.9, 0, 2.43896e-07
-4.8, 0, 6.40026e-07
-4.7, 0, 1.27701e-06
-4.6, 0, 2.29109e-06
-4.5, 0, 3.88947e-06
-4.4, 0, 6.38371e-06
-4.3, 0, 1.02372e-05
-4.2, 0, 1.61315e-05
-4.1, 3.33333e-05, 2.50577e-05
-4, 3.33333e-05, 3.84407e-05
-3.9, 3.33333e-05, 5.83063e-05
-3.8, 6.66667e-05, 8.7501e-05
-3.7, 0.000133333, 0.000129979
-3.6, 0.000166667, 0.000191169
-3.5, 0.000233333, 0.000278437
-3.4, 0.000266667, 0.000401659
-3.3, 0.0003, 0.000573916
-3.2, 0.000433333, 0.000812325
-3.1, 0.000866667, 0.00113901
-3, 0.00136667, 0.00158219
-2.9, 0.00186667, 0.00217745
-2.8, 0.00243333, 0.00296899
-2.7, 0.00336667, 0.00401108
-2.6, 0.00456667, 0.00536938
-2.5, 0.00576667, 0.00712221
-2.4, 0.00813333, 0.00936166
-2.3, 0.0102, 0.0121944
-2.2, 0.0130333, 0.0157418
-2.1, 0.0172333, 0.0201402
-2, 0.0226, 0.0255393
-1.9, 0.0283667, 0.0321009
-1.8, 0.0358, 0.0399959
-1.7, 0.0445333, 0.0494008
-1.6, 0.0556667, 0.0604929
-1.5, 0.0677, 0.0734446
-1.4, 0.0818667, 0.0884174
-1.3, 0.0981, 0.105554
-1.2, 0.1169, 0.124973
-1.1, 0.136267, 0.146758
-1, 0.1589, 0.170955
-0.9, 0.1836, 0.197564
-0.8, 0.2114, 0.226533
-0.7, 0.240667, 0.257758
-0.6, 0.274267, 0.291081
-0.5, 0.3066, 0.326287
-0.4, 0.342533, 0.363114
-0.3, 0.3813, 0.401253
-0.2, 0.420467, 0.440357
-0.1, 0.460567, 0.480053
0, 0.500233, 0.519947
0.1, 0.539933, 0.559642
0.2, 0.5775, 0.598746
0.3, 0.618233, 0.636885
0.4, 0.6547, 0.673712
0.5, 0.6919, 0.708919
0.6, 0.7265, 0.742241
0.7, 0.759833, 0.773466
0.8, 0.788867, 0.802436
0.9, 0.817367, 0.829044
1, 0.843967, 0.853241
1.1, 0.8677, 0.875026
1.2, 0.887333, 0.894445
1.3, 0.904633, 0.911582
1.4, 0.9196, 0.926555
1.5, 0.933433, 0.939506
1.6, 0.945267, 0.950598
1.7, 0.955967, 0.960003
1.8, 0.9641, 0.967898
1.9, 0.9712, 0.97446
2, 0.9769, 0.979859
2.1, 0.981533, 0.984257
2.2, 0.9863, 0.987805
2.3, 0.989533, 0.990638
2.4, 0.991767, 0.992877
2.5, 0.9939, 0.99463
2.6, 0.9959, 0.995988
2.7, 0.997033, 0.99703
2.8, 0.997933, 0.997822
2.9, 0.998333, 0.998417
3, 0.998667, 0.99886
3.1, 0.9988, 0.999187
3.2, 0.999067, 0.999425
3.3, 0.9993, 0.999598
3.4, 0.999533, 0.999721
3.5, 0.999767, 0.999808
3.6, 0.9998, 0.999869
3.7, 0.999867, 0.999912
3.8, 0.9999, 0.999941
3.9, 0.999933, 0.999961
4, 0.999967, 0.999974
4.1, 0.999967, 0.999983
4.2, 1, 0.999989
4.3, 1, 0.999993
4.4, 1, 0.999995
4.5, 1, 0.999997
4.6, 1, 0.999998
4.7, 1, 0.999999
4.8, 1, 0.999999
4.9, 1, 0.999999
