-15.569159 0.375996 -0.245697 -0.067291 0.285165 -0.525266 -0.386089 -0.097640 0.150935 -0.138959 -0.246212 -0.443614 0.393333 -0.065569 -0.009904 -0.055824 -0.204995 0.094671 0.022370 0.073939 
-15.960822 -0.268220 -0.114313 0.205936 0.631029 0.238479 -0.203566 -0.359558 -0.502564 0.287231 0.225836 -0.081370 0.156200 -0.088562 -0.216854 -0.104760 0.005674 0.039197 -0.102407 0.620840 
-15.564154 -0.477698 0.644976 0.126642 0.412731 0.193025 -0.213453 0.159439 -0.327553 -0.524246 -0.363451 0.023157 -0.313548 0.087335 0.054691 -0.137224 -0.054259 -0.027922 -0.006825 0.807540 
-15.346164 -0.063345 -0.344966 -0.649993 -0.195004 -0.443254 0.068885 0.005050 -0.137413 -0.276028 0.155488 -0.193432 -0.238385 -0.284704 0.126308 -0.004489 0.223431 0.046860 -0.124689 0.336530 
-15.743066 0.470365 0.230791 0.420188 0.651603 -0.700278 -0.209438 -0.317269 0.110118 -0.084103 0.213117 0.052332 -0.200348 0.060873 -0.146346 -0.029377 0.093775 -0.069197 0.084615 0.581060 
-15.861284 -0.376641 -0.187958 0.421016 -0.074719 0.006357 -0.135886 0.707252 0.097203 0.182968 -0.116050 -0.197701 -0.229317 -0.096569 -0.195124 0.163601 0.065763 0.255141 0.013415 0.226570 
-15.884831 -0.840552 0.261031 -0.446193 0.071898 0.187038 0.156896 -0.339954 0.113872 -0.209664 0.139427 0.096481 0.009313 -0.133249 -0.030094 -0.094441 -0.026974 0.184936 0.089385 0.083996 
-15.759511 -0.679667 0.352512 0.130045 0.052329 -0.609938 0.376540 0.059049 -0.090856 0.026214 -0.389524 0.057084 0.048529 -0.065534 -0.130549 0.043364 0.036955 -0.106999 0.114472 0.941540 
-15.564651 0.424689 0.504861 0.053604 0.244670 0.250757 0.226466 0.089662 -0.242953 0.438521 0.008392 0.414748 0.108845 -0.133011 0.146977 -0.046780 -0.060336 -0.098180 0.008255 0.510170 
-16.577851 0.022413 0.481512 -0.353439 0.099484 -0.180054 0.027567 -0.019293 0.102987 -0.143830 0.179750 -0.260927 0.333039 -0.316792 0.249517 0.003798 0.121645 -0.096970 0.101559 0.101980 
-15.913160 0.429688 0.688102 -0.117010 -0.441437 -0.264755 0.042850 -0.063353 -0.288001 0.111712 -0.096880 -0.242016 0.001773 -0.048729 0.153644 -0.273703 0.167039 0.164316 -0.094924 0.060319 
-15.696658 -0.233011 0.166208 0.904593 -0.632146 -0.529737 -0.268344 -0.121383 0.037933 0.141246 0.400802 -0.012224 0.230036 -0.037759 -0.132667 -0.295376 0.112747 0.045337 -0.043980 0.949120 
-15.010078 0.485798 0.293825 -0.810371 0.262264 0.103929 -0.254970 0.319300 0.038116 -0.060278 0.091091 -0.036896 0.017840 0.249166 -0.100574 -0.245392 0.053667 -0.047664 0.104320 0.543070 
-15.469544 -0.551569 0.503745 0.013838 0.094433 -0.011412 0.190600 0.179020 -0.076263 0.146628 0.178148 -0.456491 -0.423976 0.326122 -0.105571 -0.031563 -0.021470 -0.136680 0.036271 0.531890 
-15.443109 0.665439 -0.257114 0.167687 -0.368118 0.318889 0.023473 0.090187 0.002182 -0.185939 -0.144901 -0.179436 0.167354 -0.121825 -0.001531 0.068990 -0.178830 0.001684 -0.059078 0.550520 
-15.774255 0.227014 -0.178545 -0.267304 -0.256645 0.745180 -0.138119 -0.213144 0.138052 0.521654 -0.226211 -0.330995 0.353360 0.073577 0.104485 -0.268317 0.029760 0.022455 0.065195 0.815360 
-15.661806 0.506476 -0.435125 0.023892 0.025887 -0.610902 0.438308 0.450104 0.105091 0.178262 -0.109109 -0.048059 -0.102763 -0.197797 0.223191 0.121028 -0.025367 -0.068160 0.090657 0.646850 
-15.876051 0.364904 -0.116934 0.469395 0.462617 0.143117 -0.171704 0.292036 0.029559 -0.348649 0.110151 -0.253060 -0.182507 -0.049607 -0.138631 -0.196563 0.045641 -0.005564 -0.025663 0.774660 
-16.092141 -0.118628 -0.628932 -0.189047 0.220803 -0.251036 0.275803 -0.397424 -0.091567 -0.135861 0.401608 0.280237 -0.017050 0.056073 -0.071796 -0.287265 -0.302545 0.056568 -0.026079 0.299390 
-15.779598 -0.352360 -0.213292 -0.030413 0.091482 0.274945 0.319301 0.258681 0.837165 -0.064473 0.244505 -0.139600 0.190207 -0.145557 -0.189963 0.168142 0.025595 0.143239 0.066266 0.727000 
-15.291098 -0.225115 -0.174448 0.199868 -0.020401 -0.015752 -0.085567 0.270624 -0.709538 0.012724 0.521117 0.025806 0.224540 0.056898 0.143021 0.167451 0.142943 0.023591 0.124049 0.588130 
-15.281500 -0.634140 0.845283 0.219837 -0.084136 -0.059888 -0.067069 -0.151728 0.296932 0.141751 -0.447456 0.076555 -0.064706 -0.204605 0.185572 -0.157865 -0.183834 -0.047593 -0.176951 0.214690 
-15.604526 0.283543 -0.584348 -0.153630 0.318692 0.266414 0.299738 0.124943 -0.384850 -0.060436 -0.138344 -0.072265 -0.029678 -0.185692 0.021609 -0.016142 0.085527 0.094998 -0.031555 0.553260 
-15.833589 0.844693 -0.122378 0.163440 -0.454106 0.257437 -0.124841 0.089260 -0.272633 -0.365513 -0.105721 -0.085529 -0.105513 0.119135 -0.144763 -0.023501 0.089063 -0.117270 -0.069616 0.742340 
-15.872363 -0.091463 -0.778352 -0.025899 -0.266942 0.222327 0.080096 -0.221163 0.302733 0.202569 -0.037612 0.292068 -0.274852 -0.285279 0.096836 -0.410523 0.040630 -0.150940 0.109139 0.447810 
-15.144229 -0.526461 0.260438 0.031678 -0.145850 0.159520 -0.061969 0.288668 0.143559 0.522886 -0.021477 -0.035890 0.190557 0.040051 -0.347762 0.048871 0.036112 -0.057881 -0.069207 0.079609 
-16.130962 0.663907 0.147478 0.081658 -0.337001 0.462784 -0.148686 0.167930 0.023099 -0.256010 0.187338 0.317210 -0.101945 -0.130270 -0.142309 0.200727 -0.074317 -0.052208 0.015675 0.359100 
-16.024317 -0.133690 -0.525494 0.193608 -0.532024 -0.505670 -0.362946 -0.073538 -0.044535 0.099963 0.116586 0.000189 0.020231 0.149974 0.115661 0.050904 0.060947 -0.018535 -0.104287 0.436700 
-15.489302 0.032356 -0.192463 -0.329869 -0.754756 0.048832 -0.139170 -0.208370 -0.325280 0.290091 0.201955 -0.144620 -0.363592 0.038547 0.062083 0.092388 -0.223001 -0.035265 0.148118 0.483300 
-15.635588 0.085408 -0.162254 0.162178 0.187418 -0.047847 -0.176819 0.424063 0.147650 -0.072026 -0.412502 0.175325 0.093654 0.128213 0.377248 0.067728 0.042377 0.096543 -0.100779 0.845510 
-15.664538 0.029351 0.233758 -0.308545 -0.392979 0.236059 0.538533 0.149550 -0.031308 -0.343278 -0.010119 -0.116236 -0.113041 0.180387 0.036903 -0.171150 0.064565 0.161406 0.027418 0.365190 
-15.591855 -0.506844 -0.144353 0.517402 0.036312 0.291841 0.190715 -0.215210 -0.445240 -0.157326 -0.161893 -0.051604 -0.060856 0.031232 0.015303 0.142750 -0.095729 0.082523 0.037444 0.094476 
-15.134294 0.016841 0.171059 0.149337 0.037432 -0.004209 -0.110110 -0.405993 -0.248367 0.210310 -0.196199 -0.095678 -0.154956 0.049659 0.136053 0.295032 -0.175939 0.144641 0.147256 0.598640 
-15.811071 -0.653367 -0.350110 0.097888 -0.396246 -0.073667 0.437134 -0.201222 0.139913 -0.096478 0.078373 -0.117988 0.021749 0.374552 0.154254 0.040212 -0.105449 -0.034092 -0.100626 0.835870 
-15.776657 0.377301 0.416734 -0.529670 -0.170737 -0.310453 -0.067531 0.225648 0.138261 0.205944 0.194638 0.411664 -0.013843 0.364441 0.123408 0.179281 -0.168813 0.092716 -0.074292 0.475360 
-15.587552 0.309137 -0.546636 0.245581 0.115952 0.120318 0.301688 -0.405658 0.220121 -0.058627 -0.154753 -0.322357 -0.066001 0.085316 -0.082500 0.214197 -0.029978 -0.199241 -0.170641 0.053267 
-15.725940 -0.351348 0.022799 -0.428000 -0.226318 -0.262250 -0.882912 0.515829 -0.208457 -0.155510 -0.012506 0.181747 0.197816 -0.197845 -0.166316 0.020260 -0.286541 -0.119778 -0.017279 0.530050 
-15.930378 0.267819 -0.212002 -0.362990 0.090618 -0.082832 -0.146838 -0.358258 0.277108 0.127616 -0.155357 0.301759 -0.092777 -0.045702 -0.310303 0.125687 -0.058681 0.185038 -0.048724 0.197090 
-15.182183 0.156224 0.294239 -0.104117 0.183602 -0.336540 0.546905 0.149486 0.431858 0.199986 0.209080 0.041131 -0.229664 -0.133064 0.013868 0.070198 0.012340 -0.060478 -0.039490 0.119640 
-16.213327 0.013197 -0.413628 0.082330 0.735889 0.085952 0.239015 0.305024 -0.015041 -0.155611 0.304706 0.022676 0.133843 0.106557 0.189598 -0.143941 -0.278237 -0.002857 -0.057224 0.111630 
-15.638060 0.309418 0.484892 0.257177 0.100075 0.359867 -0.279432 0.046832 0.596762 0.096997 0.144268 -0.276451 -0.011206 0.250246 0.089110 -0.039199 -0.070844 -0.061243 0.080746 0.908440 
-15.599429 -0.573105 -0.491120 -0.476606 -0.098449 0.137906 0.147865 0.341973 -0.240963 0.131270 -0.447060 0.103381 -0.074648 -0.100228 -0.213633 -0.065972 0.028316 -0.134931 -0.000588 0.710440 
-15.488073 0.305379 -0.156742 0.190854 -0.163798 -0.262770 0.366473 -0.027239 0.048293 -0.242635 -0.453174 0.551973 0.285319 0.418179 -0.217505 -0.169525 0.196139 0.042563 0.101215 0.114990 
-15.909502 -0.141261 -0.166696 -0.633271 0.561405 -0.168841 -0.151266 -0.378469 -0.183012 0.235879 -0.302724 -0.139018 0.247161 0.191715 0.055942 0.225424 0.198887 -0.067345 -0.004500 0.215460 
-15.697741 0.261880 0.713428 0.426433 -0.183209 0.178797 0.052954 -0.440454 0.049600 -0.434906 -0.120355 0.174147 0.065724 -0.260106 0.055613 0.129465 -0.046659 0.017668 0.062793 0.396100 
-15.840028 0.027194 -0.615888 0.721157 0.206536 0.103801 -0.536978 -0.038860 0.188042 0.320902 -0.174642 0.221996 -0.248722 0.020330 0.208592 0.015753 0.143468 0.015550 0.112682 0.988920 
-16.049937 0.573501 0.374224 -0.469169 0.127558 0.044764 -0.204633 -0.415093 0.007925 0.198665 0.047348 0.030096 -0.351064 -0.080373 -0.178452 0.124250 0.149004 0.050498 -0.091138 0.874010 
-15.686926 -0.466840 -0.130532 -0.195215 -0.305403 0.051945 -0.181764 -0.321346 0.258501 -0.610839 0.063955 -0.034018 0.239995 0.026867 -0.031624 0.241194 0.107646 -0.154489 0.063063 0.008211 
-16.036235 -0.648586 0.006618 -0.091435 0.186455 0.569275 -0.348634 0.027441 0.187725 -0.096250 0.381092 0.389615 -0.021917 0.036547 0.262755 0.110230 0.276002 -0.027708 -0.123127 0.357210 
-15.756714 0.368288 0.448047 0.359761 -0.026415 0.184847 0.733795 0.094772 -0.373410 0.276656 0.194962 0.102750 0.335192 -0.089386 -0.109191 0.147049 0.007572 -0.068098 -0.054196 0.828440 
