-15.588213 -0.352989 0.268817 -0.046241 0.287702 -0.439033 0.044045 0.115879 -0.047480 -0.017216 0.629517 -0.268162 0.429008 -0.007946 0.199977 0.103805 0.030990 -0.294710 0.042572 0.083631 0.066641 -0.016209 0.073939 
-15.979642 0.263194 0.067882 0.089180 0.614643 0.292916 0.350816 -0.143295 -0.550289 -0.399007 0.014918 0.161848 0.138842 0.152687 0.030675 0.266319 -0.053653 0.019553 0.006862 0.201686 0.036326 -0.010602 0.620840 
-15.582289 0.335430 -0.773736 0.047383 0.436902 0.241840 0.137948 0.110200 -0.555864 0.580297 -0.049700 -0.389789 -0.293594 -0.088375 -0.111531 -0.128228 -0.129620 0.004108 -0.038846 -0.123472 -0.002635 -0.023829 0.807540 
-15.364999 0.066506 0.292114 -0.525244 -0.275398 -0.506750 -0.276562 0.138373 -0.294049 0.066504 0.145760 0.097889 -0.366311 0.041728 0.248040 -0.207038 -0.044973 0.115013 -0.169241 -0.006698 -0.035613 0.079686 0.336530 
-15.761000 -0.638271 -0.174855 0.468054 0.675477 -0.654301 -0.077263 -0.332711 -0.345998 0.018437 0.131550 0.101206 -0.183974 -0.096049 -0.104224 0.106563 -0.072866 0.084996 0.033063 -0.055164 -0.184649 -0.040634 0.581060 
-15.879157 0.361316 0.122465 0.444710 0.073190 -0.040168 0.195675 0.521647 0.386094 0.205100 -0.101548 -0.129665 -0.216968 0.324816 0.100483 0.094378 -0.056930 -0.176541 -0.224824 0.110053 -0.214192 -0.042357 0.226570 
-15.903588 0.799984 -0.422815 -0.536284 0.008046 0.010008 -0.135873 -0.398466 -0.138019 0.132249 0.011877 0.118033 -0.138250 0.006528 0.109445 0.119796 0.148434 -0.039876 0.050215 0.080142 0.015578 -0.135024 0.083996 
-15.777589 0.676996 -0.418944 0.206884 0.105898 -0.334592 -0.662499 0.244640 -0.134860 0.079974 -0.146521 -0.294473 0.257429 0.053255 -0.017302 0.104458 0.103016 0.019266 0.197254 0.044633 -0.005928 0.018521 0.941540 
-15.581986 -0.452448 -0.416076 0.006452 0.336536 0.363495 -0.028306 0.060179 0.086400 -0.315859 -0.625273 0.162819 0.064597 -0.260787 0.202635 -0.078479 0.004094 -0.001005 0.017206 -0.169056 0.059329 0.073007 0.510170 
-16.597315 -0.056240 -0.433528 -0.292840 0.104529 -0.264567 -0.239431 -0.031511 0.043665 -0.051158 0.257933 0.177496 -0.007645 -0.104269 0.598029 -0.100710 0.289292 0.128716 -0.108484 -0.170942 0.187869 0.016841 0.101980 
-15.932368 -0.530498 -0.662935 -0.007270 -0.423555 -0.020886 -0.197457 0.307923 -0.253858 -0.275827 0.125706 -0.162677 -0.008431 -0.242234 0.166460 -0.116480 -0.069974 0.018322 -0.146744 0.213679 -0.085290 -0.023650 0.060319 
-15.715288 0.176212 -0.116254 1.202826 -0.478693 -0.314274 0.055641 0.025220 -0.146434 -0.263970 0.175303 0.220699 -0.220232 -0.436893 0.174677 0.342876 0.020958 0.064818 -0.116667 -0.029080 -0.005537 0.031237 0.949120 
-15.027722 -0.570216 -0.290210 -0.859746 0.273435 -0.024553 0.293418 0.355040 0.007067 -0.005865 0.189797 -0.073700 -0.153206 -0.277550 -0.232283 0.141160 0.059698 0.102494 0.055755 0.007617 0.005875 -0.050189 0.543070 
-15.488971 0.511459 -0.506836 0.114388 0.185977 0.192211 -0.230892 0.322105 0.012263 -0.398273 0.338149 -0.135508 -0.398160 0.193613 -0.391055 -0.085406 -0.015206 0.136461 0.139509 -0.033843 0.035017 0.037239 0.531890 
-15.460982 -0.636980 0.350638 0.035269 -0.446490 0.349184 0.053103 0.009465 0.136791 0.231184 0.188981 -0.010421 0.265632 0.207679 0.116268 0.002024 -0.159947 -0.139537 0.074172 0.134283 0.058391 0.000211 0.550520 
-15.793480 -0.160483 0.234475 -0.445946 -0.209366 0.732362 0.307918 -0.145204 0.271046 -0.580066 0.179460 -0.372997 0.167899 -0.303287 0.255640 0.104740 0.031593 0.027332 -0.047963 -0.033408 -0.030460 -0.046388 0.815360 
-15.679729 -0.447865 0.534121 0.128200 0.093343 -0.429793 -0.601676 0.473181 0.285426 -0.035998 -0.134298 -0.015965 0.022046 0.150993 0.224956 -0.228274 0.000307 0.037166 0.080214 -0.129366 -0.021302 -0.087006 0.646850 
-15.894774 -0.330163 0.274665 0.373672 0.582383 0.223638 0.019239 0.236378 0.040081 0.305752 0.334257 -0.086754 -0.305545 0.009329 0.034196 -0.020472 0.160300 0.007621 0.071993 0.203021 0.179262 0.130058 0.774660 
-16.110768 0.153721 0.593234 -0.254975 0.206598 -0.082844 -0.293278 -0.276353 -0.399002 -0.056948 -0.042819 0.428479 -0.213086 -0.408131 -0.152732 0.152693 -0.161930 -0.353518 0.031326 -0.035570 0.005668 0.037957 0.299390 
-15.797787 0.444135 0.194117 -0.168573 0.205249 0.115972 -0.281922 -0.168491 0.872965 0.261044 0.244450 0.119136 -0.116767 0.170033 0.096957 0.315537 0.250566 -0.145468 -0.054604 -0.012417 -0.057576 0.022005 0.727000 
-15.309401 0.213342 0.167835 0.146011 -0.005319 0.247514 0.190584 0.541470 -0.388580 -0.147649 0.048194 0.631479 0.205973 0.059865 0.054371 -0.125126 0.343852 0.060717 0.056745 0.014018 -0.085770 0.021320 0.588130 
-15.299530 0.567018 -0.931027 0.273757 -0.076941 -0.174646 0.070511 -0.335271 0.294477 -0.024797 -0.169130 -0.258109 0.167785 -0.169383 0.215013 -0.267212 -0.413876 -0.136791 0.003849 0.122676 0.082005 0.060416 0.214690 
-15.623216 -0.195519 0.576796 -0.319112 0.329315 0.420574 -0.171131 0.198490 -0.252016 0.075635 -0.178450 -0.056561 -0.069481 0.092581 0.162310 0.015577 -0.095683 0.020764 -0.092364 -0.073305 -0.102460 0.023670 0.553260 
-15.851658 -0.832145 0.185534 0.131069 -0.543731 0.373477 0.154215 0.197966 -0.245787 0.302441 0.170220 -0.117949 -0.000805 0.076797 -0.185529 0.013271 -0.112780 0.160242 0.058171 0.062796 -0.004125 0.073359 0.742340 
-15.890156 0.223883 0.799780 -0.105888 -0.296129 0.161306 -0.085765 -0.333155 0.145444 -0.103310 -0.258268 -0.175248 -0.365372 -0.353036 0.224336 -0.066805 -0.093197 0.129552 0.327177 0.062611 -0.050483 -0.016624 0.447810 
-15.161371 0.529570 -0.344454 0.192286 -0.073037 0.109507 0.210847 0.311464 0.385693 -0.369105 -0.138810 -0.208206 0.000299 0.144889 -0.101759 0.449076 -0.041469 0.136139 0.048951 -0.091139 -0.033522 0.074662 0.079609 
-16.150860 -0.720446 -0.082266 0.101756 -0.366667 0.193781 0.325062 -0.120308 0.084161 0.445819 -0.308861 0.183221 -0.267761 0.232970 0.009463 0.155048 0.103111 0.019086 -0.010533 -0.178629 0.098305 -0.009536 0.359100 
-16.042893 0.212165 0.560001 0.447510 -0.562217 -0.588914 0.218711 0.092524 -0.098384 -0.158647 0.113502 0.042335 0.078703 0.023008 -0.138045 -0.097626 0.068030 0.098037 -0.057809 0.109766 0.125454 -0.043235 0.436700 
-15.508157 -0.041565 0.154588 -0.167943 -0.837576 0.016746 0.198362 0.026070 -0.209372 -0.479055 -0.040929 0.076167 -0.276575 0.239643 -0.083265 -0.178251 -0.034105 -0.213613 0.145781 -0.057155 -0.039977 -0.049495 0.483300 
-15.655118 -0.068747 0.159497 0.107685 0.225829 -0.026614 0.234552 0.302949 0.236739 0.305522 -0.120599 -0.241045 0.296607 -0.239148 -0.030103 -0.345335 -0.089210 0.010153 -0.141912 -0.080004 -0.111491 -0.024684 0.845510 
-15.682147 -0.038944 -0.280282 -0.444356 -0.401713 0.547798 -0.552489 0.232092 0.029181 0.220691 0.199856 0.007670 -0.150688 -0.209453 -0.170081 -0.082342 0.061677 -0.115446 -0.013110 0.105980 -0.127085 0.050265 0.365190 
-15.608834 0.513710 0.106217 0.429680 0.040000 0.483658 -0.112455 -0.123501 -0.488754 0.124007 -0.122977 -0.038637 0.062798 0.207708 -0.008530 -0.082589 0.072556 -0.153925 -0.099827 -0.045457 0.055039 -0.034908 0.094476 
-15.153167 -0.089466 -0.135179 0.182513 0.041733 0.128729 -0.082235 -0.216054 -0.299594 -0.305820 -0.085919 -0.313956 0.024082 0.206056 -0.030751 -0.219352 0.346781 -0.357212 0.023705 -0.151527 -0.054251 0.048918 0.598640 
-15.830747 0.802773 0.288556 0.108709 -0.412302 0.114986 -0.365638 -0.157163 0.044229 -0.089699 0.235748 0.107879 0.097981 -0.092158 -0.339200 -0.137105 -0.122297 -0.006565 -0.184198 -0.128686 0.082562 -0.071664 0.835870 
-15.795783 -0.379865 -0.424919 -0.252554 -0.213509 -0.487309 0.154416 0.224252 0.401129 -0.167667 -0.268335 0.221932 0.134458 -0.034169 -0.588471 -0.149636 0.141955 -0.186097 -0.008931 0.005891 0.127204 0.031647 0.475360 
-15.605377 -0.148939 0.611782 0.186838 0.079055 0.139758 -0.294691 -0.483101 0.043176 -0.092840 0.263112 -0.218021 0.075497 0.254088 -0.149077 -0.021774 -0.267644 0.179817 -0.107635 -0.173702 0.110591 0.103068 0.053267 
-15.743817 0.303644 -0.198366 -0.268080 -0.214549 -0.523199 0.919950 0.584647 -0.114730 0.269661 -0.019904 0.062843 0.098955 -0.027565 0.192168 0.207464 -0.220846 -0.128346 0.141966 -0.184488 0.019133 0.029215 0.530050 
-15.948944 -0.280641 0.265509 -0.348199 0.010027 -0.404811 0.092600 -0.553236 0.115574 -0.004273 -0.348125 -0.109828 -0.054353 0.010234 -0.067328 0.232186 -0.023002 -0.224494 -0.098707 0.050400 -0.060542 0.105646 0.197090 
-15.200269 -0.183304 -0.241833 -0.041597 0.191278 -0.369385 -0.574987 -0.020230 0.553502 -0.116432 -0.099343 0.223641 -0.174464 0.182655 0.015278 -0.093504 -0.145214 0.090866 0.126922 0.088179 -0.051463 0.005251 0.119640 
-16.232095 0.011551 0.423021 -0.052507 0.745653 0.095613 0.054768 0.156584 0.115090 0.094266 0.112231 0.509226 0.093979 -0.056300 -0.111950 -0.127402 -0.320802 -0.056569 0.057282 0.002255 0.096825 -0.092660 0.111630 
-15.655520 -0.320976 -0.426892 0.186638 0.239237 0.322297 0.315912 -0.214673 0.511915 -0.139905 0.510631 -0.123559 -0.119615 -0.140643 -0.162090 -0.015423 0.039042 -0.020528 -0.033581 -0.105117 0.019295 -0.105398 0.908440 
-15.618154 0.675530 0.457025 -0.500396 -0.099130 0.018244 -0.080420 0.389236 -0.107674 0.142309 -0.448933 -0.356625 -0.051963 0.119211 0.093744 0.177525 -0.025946 0.097678 -0.042628 0.074485 0.204231 -0.058839 0.710440 
-15.506099 -0.237927 0.273163 0.163301 -0.174941 -0.073070 -0.479453 -0.019932 -0.043242 0.430285 -0.388596 -0.195579 0.396927 -0.476121 -0.367780 0.273520 0.242622 0.126571 -0.046104 0.028776 0.016620 -0.034063 0.114990 
-15.927538 0.166014 0.117083 -0.627692 0.343832 -0.322250 0.098464 -0.166268 -0.233099 -0.362527 0.034656 -0.220391 0.571478 0.182173 -0.120356 -0.088613 0.069260 0.190521 -0.010208 0.000580 -0.111863 0.064428 0.215460 
-15.716735 -0.384433 -0.718095 0.349745 -0.276219 0.144598 -0.095693 -0.542556 -0.123347 0.445322 -0.020731 0.040058 0.225019 0.171673 0.179345 -0.072593 0.099486 -0.009245 0.177860 0.052086 0.015866 -0.033970 0.396100 
-15.859927 0.047303 0.721780 0.730563 0.323404 -0.054294 0.545973 -0.218603 0.201998 -0.081894 -0.278731 -0.284061 -0.077871 -0.061201 -0.014651 -0.248305 0.209347 0.085038 0.105201 0.023102 -0.058743 -0.044098 0.988920 
-16.068026 -0.690071 -0.334651 -0.341913 -0.000794 -0.379741 0.190873 -0.453585 -0.178034 -0.175776 -0.247725 -0.125278 -0.305656 0.368812 -0.054579 0.090312 0.013962 0.140735 -0.163374 0.120464 0.042049 -0.088936 0.874010 
-15.706071 0.465724 -0.033263 -0.274554 -0.468576 -0.157237 0.194268 -0.448343 -0.033196 0.461535 0.437562 0.186270 0.280101 0.099171 -0.024645 0.057491 -0.049212 0.189624 0.110008 -0.143541 -0.162942 0.015586 0.008211 
-16.055584 0.659056 -0.057999 -0.212154 0.096908 0.155340 0.656068 -0.323802 0.317601 0.207132 -0.162991 0.497343 -0.005354 -0.099726 -0.040153 -0.343403 0.130162 0.164635 -0.102540 0.183041 -0.026340 0.074247 0.357210 
-15.776289 -0.382068 -0.436718 0.243167 -0.021858 0.505129 -0.394700 0.113999 0.069414 -0.212156 -0.287338 0.546437 0.393296 0.213540 0.062229 0.197943 -0.228906 0.084755 -0.042903 0.015956 -0.038681 -0.036866 0.828440 
